(kicad_pcb (version 20171130) (host pcbnew "(5.0.0)")

  (general
    (thickness 1.6)
    (drawings 0)
    (tracks 53)
    (zones 0)
    (modules 20)
    (nets 57)
  )

  (page A4)
  (layers
    (0 F.Cu signal)
    (31 B.Cu signal)
    (32 B.Adhes user)
    (33 F.Adhes user)
    (34 B.Paste user)
    (35 F.Paste user)
    (36 B.SilkS user)
    (37 F.SilkS user)
    (38 B.Mask user)
    (39 F.Mask user)
    (40 Dwgs.User user)
    (41 Cmts.User user)
    (42 Eco1.User user)
    (43 Eco2.User user)
    (44 Edge.Cuts user)
    (45 Margin user)
    (46 B.CrtYd user)
    (47 F.CrtYd user)
    (48 B.Fab user)
    (49 F.Fab user)
  )

  (setup
    (last_trace_width 0.25)
    (trace_clearance 0.2)
    (zone_clearance 0.508)
    (zone_45_only no)
    (trace_min 0.2)
    (segment_width 0.2)
    (edge_width 0.15)
    (via_size 0.8)
    (via_drill 0.4)
    (via_min_size 0.4)
    (via_min_drill 0.3)
    (uvia_size 0.3)
    (uvia_drill 0.1)
    (uvias_allowed no)
    (uvia_min_size 0.2)
    (uvia_min_drill 0.1)
    (pcb_text_width 0.3)
    (pcb_text_size 1.5 1.5)
    (mod_edge_width 0.15)
    (mod_text_size 1 1)
    (mod_text_width 0.15)
    (pad_size 1.524 1.524)
    (pad_drill 0.762)
    (pad_to_mask_clearance 0.2)
    (aux_axis_origin 0 0)
    (visible_elements 7FFFFFFF)
    (pcbplotparams
      (layerselection 0x010fc_ffffffff)
      (usegerberextensions false)
      (usegerberattributes false)
      (usegerberadvancedattributes false)
      (creategerberjobfile false)
      (excludeedgelayer true)
      (linewidth 0.100000)
      (plotframeref false)
      (viasonmask false)
      (mode 1)
      (useauxorigin false)
      (hpglpennumber 1)
      (hpglpenspeed 20)
      (hpglpendiameter 15.000000)
      (psnegative false)
      (psa4output false)
      (plotreference true)
      (plotvalue true)
      (plotinvisibletext false)
      (padsonsilk false)
      (subtractmaskfromsilk false)
      (outputformat 1)
      (mirror false)
      (drillshape 1)
      (scaleselection 1)
      (outputdirectory ""))
  )

  (net 0 "")
  (net 1 GND)
  (net 2 "Net-(D1-Pad2)")
  (net 3 "Net-(D2-Pad2)")
  (net 4 "Net-(D3-Pad2)")
  (net 5 "Net-(D4-Pad2)")
  (net 6 "Net-(D5-Pad2)")
  (net 7 "Net-(D6-Pad2)")
  (net 8 "Net-(D7-Pad2)")
  (net 9 "Net-(D8-Pad2)")
  (net 10 VCC)
  (net 11 /CMD_LED1)
  (net 12 /CMD_LED2)
  (net 13 /CMD_LED3)
  (net 14 /CMD_LED4)
  (net 15 /CMD_LED8)
  (net 16 /CMD_LED7)
  (net 17 /CMD_LED6)
  (net 18 /CMD_LED5)
  (net 19 "Net-(U1-Pad1)")
  (net 20 "Net-(U1-Pad2)")
  (net 21 "Net-(U1-Pad3)")
  (net 22 "Net-(U1-Pad4)")
  (net 23 "Net-(U1-Pad5)")
  (net 24 "Net-(U1-Pad6)")
  (net 25 "Net-(U1-Pad7)")
  (net 26 "Net-(U1-Pad8)")
  (net 27 "Net-(A1-Pad29)")
  (net 28 "Net-(A1-Pad30)")
  (net 29 "Net-(A1-Pad1)")
  (net 30 "Net-(A1-Pad17)")
  (net 31 "Net-(A1-Pad2)")
  (net 32 "Net-(A1-Pad18)")
  (net 33 "Net-(A1-Pad3)")
  (net 34 "Net-(A1-Pad19)")
  (net 35 "Net-(A1-Pad4)")
  (net 36 "Net-(A1-Pad20)")
  (net 37 "Net-(A1-Pad5)")
  (net 38 "Net-(A1-Pad21)")
  (net 39 "Net-(A1-Pad6)")
  (net 40 "Net-(A1-Pad22)")
  (net 41 "Net-(A1-Pad7)")
  (net 42 "Net-(A1-Pad23)")
  (net 43 "Net-(A1-Pad8)")
  (net 44 "Net-(A1-Pad24)")
  (net 45 "Net-(A1-Pad9)")
  (net 46 "Net-(A1-Pad25)")
  (net 47 "Net-(A1-Pad10)")
  (net 48 "Net-(A1-Pad26)")
  (net 49 "Net-(A1-Pad11)")
  (net 50 "Net-(A1-Pad27)")
  (net 51 "Net-(A1-Pad12)")
  (net 52 "Net-(A1-Pad28)")
  (net 53 "Net-(A1-Pad13)")
  (net 54 "Net-(A1-Pad14)")
  (net 55 "Net-(A1-Pad15)")
  (net 56 "Net-(A1-Pad16)")

  (net_class Default "Ceci est la Netclass par défaut."
    (clearance 0.2)
    (trace_width 0.25)
    (via_dia 0.8)
    (via_drill 0.4)
    (uvia_dia 0.3)
    (uvia_drill 0.1)
    (add_net /CMD_LED1)
    (add_net /CMD_LED2)
    (add_net /CMD_LED3)
    (add_net /CMD_LED4)
    (add_net /CMD_LED5)
    (add_net /CMD_LED6)
    (add_net /CMD_LED7)
    (add_net /CMD_LED8)
    (add_net GND)
    (add_net "Net-(A1-Pad1)")
    (add_net "Net-(A1-Pad10)")
    (add_net "Net-(A1-Pad11)")
    (add_net "Net-(A1-Pad12)")
    (add_net "Net-(A1-Pad13)")
    (add_net "Net-(A1-Pad14)")
    (add_net "Net-(A1-Pad15)")
    (add_net "Net-(A1-Pad16)")
    (add_net "Net-(A1-Pad17)")
    (add_net "Net-(A1-Pad18)")
    (add_net "Net-(A1-Pad19)")
    (add_net "Net-(A1-Pad2)")
    (add_net "Net-(A1-Pad20)")
    (add_net "Net-(A1-Pad21)")
    (add_net "Net-(A1-Pad22)")
    (add_net "Net-(A1-Pad23)")
    (add_net "Net-(A1-Pad24)")
    (add_net "Net-(A1-Pad25)")
    (add_net "Net-(A1-Pad26)")
    (add_net "Net-(A1-Pad27)")
    (add_net "Net-(A1-Pad28)")
    (add_net "Net-(A1-Pad29)")
    (add_net "Net-(A1-Pad3)")
    (add_net "Net-(A1-Pad30)")
    (add_net "Net-(A1-Pad4)")
    (add_net "Net-(A1-Pad5)")
    (add_net "Net-(A1-Pad6)")
    (add_net "Net-(A1-Pad7)")
    (add_net "Net-(A1-Pad8)")
    (add_net "Net-(A1-Pad9)")
    (add_net "Net-(D1-Pad2)")
    (add_net "Net-(D2-Pad2)")
    (add_net "Net-(D3-Pad2)")
    (add_net "Net-(D4-Pad2)")
    (add_net "Net-(D5-Pad2)")
    (add_net "Net-(D6-Pad2)")
    (add_net "Net-(D7-Pad2)")
    (add_net "Net-(D8-Pad2)")
    (add_net "Net-(U1-Pad1)")
    (add_net "Net-(U1-Pad2)")
    (add_net "Net-(U1-Pad3)")
    (add_net "Net-(U1-Pad4)")
    (add_net "Net-(U1-Pad5)")
    (add_net "Net-(U1-Pad6)")
    (add_net "Net-(U1-Pad7)")
    (add_net "Net-(U1-Pad8)")
    (add_net VCC)
  )

  (module LED_THT:LED_D5.0mm_FlatTop (layer F.Cu) (tedit 5880A862) (tstamp 5BBE7480)
    (at 127.032174 45.679735 90)
    (descr "LED, Round, FlatTop, diameter 5.0mm, 2 pins, http://www.kingbright.com/attachments/file/psearch/000/00/00/L-483GDT(Ver.15B).pdf")
    (tags "LED Round FlatTop diameter 5.0mm 2 pins")
    (path /5BB2C829)
    (fp_text reference D1 (at 1.27 -4.01 90) (layer F.SilkS)
      (effects (font (size 1 1) (thickness 0.15)))
    )
    (fp_text value LED (at 1.27 4.01 90) (layer F.Fab)
      (effects (font (size 1 1) (thickness 0.15)))
    )
    (fp_arc (start 1.27 0) (end -1.23 -1.566046) (angle 295.9) (layer F.Fab) (width 0.1))
    (fp_arc (start 1.27 0) (end -1.29 -1.639512) (angle 147.4) (layer F.SilkS) (width 0.12))
    (fp_arc (start 1.27 0) (end -1.29 1.639512) (angle -147.4) (layer F.SilkS) (width 0.12))
    (fp_circle (center 1.27 0) (end 3.77 0) (layer F.Fab) (width 0.1))
    (fp_circle (center 1.27 0) (end 3.77 0) (layer F.SilkS) (width 0.12))
    (fp_line (start -1.23 -1.566046) (end -1.23 1.566046) (layer F.Fab) (width 0.1))
    (fp_line (start -1.29 -1.64) (end -1.29 1.64) (layer F.SilkS) (width 0.12))
    (fp_line (start -2 -3.3) (end -2 3.3) (layer F.CrtYd) (width 0.05))
    (fp_line (start -2 3.3) (end 4.55 3.3) (layer F.CrtYd) (width 0.05))
    (fp_line (start 4.55 3.3) (end 4.55 -3.3) (layer F.CrtYd) (width 0.05))
    (fp_line (start 4.55 -3.3) (end -2 -3.3) (layer F.CrtYd) (width 0.05))
    (pad 1 thru_hole rect (at 0 0 90) (size 1.8 1.8) (drill 0.9) (layers *.Cu *.Mask)
      (net 1 GND))
    (pad 2 thru_hole circle (at 2.54 0 90) (size 1.8 1.8) (drill 0.9) (layers *.Cu *.Mask)
      (net 2 "Net-(D1-Pad2)"))
    (model ${KISYS3DMOD}/LED_THT.3dshapes/LED_D5.0mm_FlatTop.wrl
      (at (xyz 0 0 0))
      (scale (xyz 1 1 1))
      (rotate (xyz 0 0 0))
    )
  )

  (module LED_THT:LED_D5.0mm_FlatTop (layer F.Cu) (tedit 5880A862) (tstamp 5BBE7491)
    (at 119.412174 45.679735 90)
    (descr "LED, Round, FlatTop, diameter 5.0mm, 2 pins, http://www.kingbright.com/attachments/file/psearch/000/00/00/L-483GDT(Ver.15B).pdf")
    (tags "LED Round FlatTop diameter 5.0mm 2 pins")
    (path /5BB2C830)
    (fp_text reference D2 (at 1.27 -4.01 90) (layer F.SilkS)
      (effects (font (size 1 1) (thickness 0.15)))
    )
    (fp_text value LED (at 1.27 4.01 90) (layer F.Fab)
      (effects (font (size 1 1) (thickness 0.15)))
    )
    (fp_line (start 4.55 -3.3) (end -2 -3.3) (layer F.CrtYd) (width 0.05))
    (fp_line (start 4.55 3.3) (end 4.55 -3.3) (layer F.CrtYd) (width 0.05))
    (fp_line (start -2 3.3) (end 4.55 3.3) (layer F.CrtYd) (width 0.05))
    (fp_line (start -2 -3.3) (end -2 3.3) (layer F.CrtYd) (width 0.05))
    (fp_line (start -1.29 -1.64) (end -1.29 1.64) (layer F.SilkS) (width 0.12))
    (fp_line (start -1.23 -1.566046) (end -1.23 1.566046) (layer F.Fab) (width 0.1))
    (fp_circle (center 1.27 0) (end 3.77 0) (layer F.SilkS) (width 0.12))
    (fp_circle (center 1.27 0) (end 3.77 0) (layer F.Fab) (width 0.1))
    (fp_arc (start 1.27 0) (end -1.29 1.639512) (angle -147.4) (layer F.SilkS) (width 0.12))
    (fp_arc (start 1.27 0) (end -1.29 -1.639512) (angle 147.4) (layer F.SilkS) (width 0.12))
    (fp_arc (start 1.27 0) (end -1.23 -1.566046) (angle 295.9) (layer F.Fab) (width 0.1))
    (pad 2 thru_hole circle (at 2.54 0 90) (size 1.8 1.8) (drill 0.9) (layers *.Cu *.Mask)
      (net 3 "Net-(D2-Pad2)"))
    (pad 1 thru_hole rect (at 0 0 90) (size 1.8 1.8) (drill 0.9) (layers *.Cu *.Mask)
      (net 1 GND))
    (model ${KISYS3DMOD}/LED_THT.3dshapes/LED_D5.0mm_FlatTop.wrl
      (at (xyz 0 0 0))
      (scale (xyz 1 1 1))
      (rotate (xyz 0 0 0))
    )
  )

  (module LED_THT:LED_D5.0mm_FlatTop (layer F.Cu) (tedit 5880A862) (tstamp 5BBE74A2)
    (at 111.792174 45.679735 90)
    (descr "LED, Round, FlatTop, diameter 5.0mm, 2 pins, http://www.kingbright.com/attachments/file/psearch/000/00/00/L-483GDT(Ver.15B).pdf")
    (tags "LED Round FlatTop diameter 5.0mm 2 pins")
    (path /5BB24E30)
    (fp_text reference D3 (at 1.27 -4.01 90) (layer F.SilkS)
      (effects (font (size 1 1) (thickness 0.15)))
    )
    (fp_text value LED (at 1.27 4.01 90) (layer F.Fab)
      (effects (font (size 1 1) (thickness 0.15)))
    )
    (fp_line (start 4.55 -3.3) (end -2 -3.3) (layer F.CrtYd) (width 0.05))
    (fp_line (start 4.55 3.3) (end 4.55 -3.3) (layer F.CrtYd) (width 0.05))
    (fp_line (start -2 3.3) (end 4.55 3.3) (layer F.CrtYd) (width 0.05))
    (fp_line (start -2 -3.3) (end -2 3.3) (layer F.CrtYd) (width 0.05))
    (fp_line (start -1.29 -1.64) (end -1.29 1.64) (layer F.SilkS) (width 0.12))
    (fp_line (start -1.23 -1.566046) (end -1.23 1.566046) (layer F.Fab) (width 0.1))
    (fp_circle (center 1.27 0) (end 3.77 0) (layer F.SilkS) (width 0.12))
    (fp_circle (center 1.27 0) (end 3.77 0) (layer F.Fab) (width 0.1))
    (fp_arc (start 1.27 0) (end -1.29 1.639512) (angle -147.4) (layer F.SilkS) (width 0.12))
    (fp_arc (start 1.27 0) (end -1.29 -1.639512) (angle 147.4) (layer F.SilkS) (width 0.12))
    (fp_arc (start 1.27 0) (end -1.23 -1.566046) (angle 295.9) (layer F.Fab) (width 0.1))
    (pad 2 thru_hole circle (at 2.54 0 90) (size 1.8 1.8) (drill 0.9) (layers *.Cu *.Mask)
      (net 4 "Net-(D3-Pad2)"))
    (pad 1 thru_hole rect (at 0 0 90) (size 1.8 1.8) (drill 0.9) (layers *.Cu *.Mask)
      (net 1 GND))
    (model ${KISYS3DMOD}/LED_THT.3dshapes/LED_D5.0mm_FlatTop.wrl
      (at (xyz 0 0 0))
      (scale (xyz 1 1 1))
      (rotate (xyz 0 0 0))
    )
  )

  (module LED_THT:LED_D5.0mm_FlatTop (layer F.Cu) (tedit 5880A862) (tstamp 5BBE74B3)
    (at 104.172174 45.679735 90)
    (descr "LED, Round, FlatTop, diameter 5.0mm, 2 pins, http://www.kingbright.com/attachments/file/psearch/000/00/00/L-483GDT(Ver.15B).pdf")
    (tags "LED Round FlatTop diameter 5.0mm 2 pins")
    (path /5BB24F1D)
    (fp_text reference D4 (at 1.27 -4.01 90) (layer F.SilkS)
      (effects (font (size 1 1) (thickness 0.15)))
    )
    (fp_text value LED (at 1.27 4.01 90) (layer F.Fab)
      (effects (font (size 1 1) (thickness 0.15)))
    )
    (fp_arc (start 1.27 0) (end -1.23 -1.566046) (angle 295.9) (layer F.Fab) (width 0.1))
    (fp_arc (start 1.27 0) (end -1.29 -1.639512) (angle 147.4) (layer F.SilkS) (width 0.12))
    (fp_arc (start 1.27 0) (end -1.29 1.639512) (angle -147.4) (layer F.SilkS) (width 0.12))
    (fp_circle (center 1.27 0) (end 3.77 0) (layer F.Fab) (width 0.1))
    (fp_circle (center 1.27 0) (end 3.77 0) (layer F.SilkS) (width 0.12))
    (fp_line (start -1.23 -1.566046) (end -1.23 1.566046) (layer F.Fab) (width 0.1))
    (fp_line (start -1.29 -1.64) (end -1.29 1.64) (layer F.SilkS) (width 0.12))
    (fp_line (start -2 -3.3) (end -2 3.3) (layer F.CrtYd) (width 0.05))
    (fp_line (start -2 3.3) (end 4.55 3.3) (layer F.CrtYd) (width 0.05))
    (fp_line (start 4.55 3.3) (end 4.55 -3.3) (layer F.CrtYd) (width 0.05))
    (fp_line (start 4.55 -3.3) (end -2 -3.3) (layer F.CrtYd) (width 0.05))
    (pad 1 thru_hole rect (at 0 0 90) (size 1.8 1.8) (drill 0.9) (layers *.Cu *.Mask)
      (net 1 GND))
    (pad 2 thru_hole circle (at 2.54 0 90) (size 1.8 1.8) (drill 0.9) (layers *.Cu *.Mask)
      (net 5 "Net-(D4-Pad2)"))
    (model ${KISYS3DMOD}/LED_THT.3dshapes/LED_D5.0mm_FlatTop.wrl
      (at (xyz 0 0 0))
      (scale (xyz 1 1 1))
      (rotate (xyz 0 0 0))
    )
  )

  (module LED_THT:LED_D5.0mm_FlatTop (layer F.Cu) (tedit 5880A862) (tstamp 5BBE74C4)
    (at 127.032174 55.839735 270)
    (descr "LED, Round, FlatTop, diameter 5.0mm, 2 pins, http://www.kingbright.com/attachments/file/psearch/000/00/00/L-483GDT(Ver.15B).pdf")
    (tags "LED Round FlatTop diameter 5.0mm 2 pins")
    (path /5BB2CE20)
    (fp_text reference D5 (at 1.27 -4.01 270) (layer F.SilkS)
      (effects (font (size 1 1) (thickness 0.15)))
    )
    (fp_text value LED (at 1.27 4.01 270) (layer F.Fab)
      (effects (font (size 1 1) (thickness 0.15)))
    )
    (fp_arc (start 1.27 0) (end -1.23 -1.566046) (angle 295.9) (layer F.Fab) (width 0.1))
    (fp_arc (start 1.27 0) (end -1.29 -1.639512) (angle 147.4) (layer F.SilkS) (width 0.12))
    (fp_arc (start 1.27 0) (end -1.29 1.639512) (angle -147.4) (layer F.SilkS) (width 0.12))
    (fp_circle (center 1.27 0) (end 3.77 0) (layer F.Fab) (width 0.1))
    (fp_circle (center 1.27 0) (end 3.77 0) (layer F.SilkS) (width 0.12))
    (fp_line (start -1.23 -1.566046) (end -1.23 1.566046) (layer F.Fab) (width 0.1))
    (fp_line (start -1.29 -1.64) (end -1.29 1.64) (layer F.SilkS) (width 0.12))
    (fp_line (start -2 -3.3) (end -2 3.3) (layer F.CrtYd) (width 0.05))
    (fp_line (start -2 3.3) (end 4.55 3.3) (layer F.CrtYd) (width 0.05))
    (fp_line (start 4.55 3.3) (end 4.55 -3.3) (layer F.CrtYd) (width 0.05))
    (fp_line (start 4.55 -3.3) (end -2 -3.3) (layer F.CrtYd) (width 0.05))
    (pad 1 thru_hole rect (at 0 0 270) (size 1.8 1.8) (drill 0.9) (layers *.Cu *.Mask)
      (net 1 GND))
    (pad 2 thru_hole circle (at 2.54 0 270) (size 1.8 1.8) (drill 0.9) (layers *.Cu *.Mask)
      (net 6 "Net-(D5-Pad2)"))
    (model ${KISYS3DMOD}/LED_THT.3dshapes/LED_D5.0mm_FlatTop.wrl
      (at (xyz 0 0 0))
      (scale (xyz 1 1 1))
      (rotate (xyz 0 0 0))
    )
  )

  (module LED_THT:LED_D5.0mm_FlatTop (layer F.Cu) (tedit 5880A862) (tstamp 5BBE74D5)
    (at 119.412174 55.839735 270)
    (descr "LED, Round, FlatTop, diameter 5.0mm, 2 pins, http://www.kingbright.com/attachments/file/psearch/000/00/00/L-483GDT(Ver.15B).pdf")
    (tags "LED Round FlatTop diameter 5.0mm 2 pins")
    (path /5BB2CE27)
    (fp_text reference D6 (at 1.27 -4.01 270) (layer F.SilkS)
      (effects (font (size 1 1) (thickness 0.15)))
    )
    (fp_text value LED (at 1.27 4.01 270) (layer F.Fab)
      (effects (font (size 1 1) (thickness 0.15)))
    )
    (fp_line (start 4.55 -3.3) (end -2 -3.3) (layer F.CrtYd) (width 0.05))
    (fp_line (start 4.55 3.3) (end 4.55 -3.3) (layer F.CrtYd) (width 0.05))
    (fp_line (start -2 3.3) (end 4.55 3.3) (layer F.CrtYd) (width 0.05))
    (fp_line (start -2 -3.3) (end -2 3.3) (layer F.CrtYd) (width 0.05))
    (fp_line (start -1.29 -1.64) (end -1.29 1.64) (layer F.SilkS) (width 0.12))
    (fp_line (start -1.23 -1.566046) (end -1.23 1.566046) (layer F.Fab) (width 0.1))
    (fp_circle (center 1.27 0) (end 3.77 0) (layer F.SilkS) (width 0.12))
    (fp_circle (center 1.27 0) (end 3.77 0) (layer F.Fab) (width 0.1))
    (fp_arc (start 1.27 0) (end -1.29 1.639512) (angle -147.4) (layer F.SilkS) (width 0.12))
    (fp_arc (start 1.27 0) (end -1.29 -1.639512) (angle 147.4) (layer F.SilkS) (width 0.12))
    (fp_arc (start 1.27 0) (end -1.23 -1.566046) (angle 295.9) (layer F.Fab) (width 0.1))
    (pad 2 thru_hole circle (at 2.54 0 270) (size 1.8 1.8) (drill 0.9) (layers *.Cu *.Mask)
      (net 7 "Net-(D6-Pad2)"))
    (pad 1 thru_hole rect (at 0 0 270) (size 1.8 1.8) (drill 0.9) (layers *.Cu *.Mask)
      (net 1 GND))
    (model ${KISYS3DMOD}/LED_THT.3dshapes/LED_D5.0mm_FlatTop.wrl
      (at (xyz 0 0 0))
      (scale (xyz 1 1 1))
      (rotate (xyz 0 0 0))
    )
  )

  (module LED_THT:LED_D5.0mm_FlatTop (layer F.Cu) (tedit 5880A862) (tstamp 5BBE74E6)
    (at 111.792174 55.839735 270)
    (descr "LED, Round, FlatTop, diameter 5.0mm, 2 pins, http://www.kingbright.com/attachments/file/psearch/000/00/00/L-483GDT(Ver.15B).pdf")
    (tags "LED Round FlatTop diameter 5.0mm 2 pins")
    (path /5BB2D97D)
    (fp_text reference D7 (at 1.27 -4.01 270) (layer F.SilkS)
      (effects (font (size 1 1) (thickness 0.15)))
    )
    (fp_text value LED (at 1.27 4.01 270) (layer F.Fab)
      (effects (font (size 1 1) (thickness 0.15)))
    )
    (fp_arc (start 1.27 0) (end -1.23 -1.566046) (angle 295.9) (layer F.Fab) (width 0.1))
    (fp_arc (start 1.27 0) (end -1.29 -1.639512) (angle 147.4) (layer F.SilkS) (width 0.12))
    (fp_arc (start 1.27 0) (end -1.29 1.639512) (angle -147.4) (layer F.SilkS) (width 0.12))
    (fp_circle (center 1.27 0) (end 3.77 0) (layer F.Fab) (width 0.1))
    (fp_circle (center 1.27 0) (end 3.77 0) (layer F.SilkS) (width 0.12))
    (fp_line (start -1.23 -1.566046) (end -1.23 1.566046) (layer F.Fab) (width 0.1))
    (fp_line (start -1.29 -1.64) (end -1.29 1.64) (layer F.SilkS) (width 0.12))
    (fp_line (start -2 -3.3) (end -2 3.3) (layer F.CrtYd) (width 0.05))
    (fp_line (start -2 3.3) (end 4.55 3.3) (layer F.CrtYd) (width 0.05))
    (fp_line (start 4.55 3.3) (end 4.55 -3.3) (layer F.CrtYd) (width 0.05))
    (fp_line (start 4.55 -3.3) (end -2 -3.3) (layer F.CrtYd) (width 0.05))
    (pad 1 thru_hole rect (at 0 0 270) (size 1.8 1.8) (drill 0.9) (layers *.Cu *.Mask)
      (net 1 GND))
    (pad 2 thru_hole circle (at 2.54 0 270) (size 1.8 1.8) (drill 0.9) (layers *.Cu *.Mask)
      (net 8 "Net-(D7-Pad2)"))
    (model ${KISYS3DMOD}/LED_THT.3dshapes/LED_D5.0mm_FlatTop.wrl
      (at (xyz 0 0 0))
      (scale (xyz 1 1 1))
      (rotate (xyz 0 0 0))
    )
  )

  (module LED_THT:LED_D5.0mm_FlatTop (layer F.Cu) (tedit 5880A862) (tstamp 5BBE74F7)
    (at 104.172174 55.839735 270)
    (descr "LED, Round, FlatTop, diameter 5.0mm, 2 pins, http://www.kingbright.com/attachments/file/psearch/000/00/00/L-483GDT(Ver.15B).pdf")
    (tags "LED Round FlatTop diameter 5.0mm 2 pins")
    (path /5BB2D984)
    (fp_text reference D8 (at 1.27 -4.01 270) (layer F.SilkS)
      (effects (font (size 1 1) (thickness 0.15)))
    )
    (fp_text value LED (at 1.27 4.01 270) (layer F.Fab)
      (effects (font (size 1 1) (thickness 0.15)))
    )
    (fp_line (start 4.55 -3.3) (end -2 -3.3) (layer F.CrtYd) (width 0.05))
    (fp_line (start 4.55 3.3) (end 4.55 -3.3) (layer F.CrtYd) (width 0.05))
    (fp_line (start -2 3.3) (end 4.55 3.3) (layer F.CrtYd) (width 0.05))
    (fp_line (start -2 -3.3) (end -2 3.3) (layer F.CrtYd) (width 0.05))
    (fp_line (start -1.29 -1.64) (end -1.29 1.64) (layer F.SilkS) (width 0.12))
    (fp_line (start -1.23 -1.566046) (end -1.23 1.566046) (layer F.Fab) (width 0.1))
    (fp_circle (center 1.27 0) (end 3.77 0) (layer F.SilkS) (width 0.12))
    (fp_circle (center 1.27 0) (end 3.77 0) (layer F.Fab) (width 0.1))
    (fp_arc (start 1.27 0) (end -1.29 1.639512) (angle -147.4) (layer F.SilkS) (width 0.12))
    (fp_arc (start 1.27 0) (end -1.29 -1.639512) (angle 147.4) (layer F.SilkS) (width 0.12))
    (fp_arc (start 1.27 0) (end -1.23 -1.566046) (angle 295.9) (layer F.Fab) (width 0.1))
    (pad 2 thru_hole circle (at 2.54 0 270) (size 1.8 1.8) (drill 0.9) (layers *.Cu *.Mask)
      (net 9 "Net-(D8-Pad2)"))
    (pad 1 thru_hole rect (at 0 0 270) (size 1.8 1.8) (drill 0.9) (layers *.Cu *.Mask)
      (net 1 GND))
    (model ${KISYS3DMOD}/LED_THT.3dshapes/LED_D5.0mm_FlatTop.wrl
      (at (xyz 0 0 0))
      (scale (xyz 1 1 1))
      (rotate (xyz 0 0 0))
    )
  )

  (module Connector_PinSocket_2.00mm:PinSocket_1x06_P2.00mm_Vertical (layer F.Cu) (tedit 5A19A421) (tstamp 5BBE7511)
    (at 128.302174 50.759735 270)
    (descr "Through hole straight socket strip, 1x06, 2.00mm pitch, single row (from Kicad 4.0.7), script generated")
    (tags "Through hole socket strip THT 1x06 2.00mm single row")
    (path /5BB26D2C)
    (fp_text reference J1 (at 0 -2.5 270) (layer F.SilkS)
      (effects (font (size 1 1) (thickness 0.15)))
    )
    (fp_text value Conn_01x06 (at 0 12.5 270) (layer F.Fab)
      (effects (font (size 1 1) (thickness 0.15)))
    )
    (fp_line (start -1 -1) (end 0.5 -1) (layer F.Fab) (width 0.1))
    (fp_line (start 0.5 -1) (end 1 -0.5) (layer F.Fab) (width 0.1))
    (fp_line (start 1 -0.5) (end 1 11) (layer F.Fab) (width 0.1))
    (fp_line (start 1 11) (end -1 11) (layer F.Fab) (width 0.1))
    (fp_line (start -1 11) (end -1 -1) (layer F.Fab) (width 0.1))
    (fp_line (start -1.06 1) (end 1.06 1) (layer F.SilkS) (width 0.12))
    (fp_line (start -1.06 1) (end -1.06 11.06) (layer F.SilkS) (width 0.12))
    (fp_line (start -1.06 11.06) (end 1.06 11.06) (layer F.SilkS) (width 0.12))
    (fp_line (start 1.06 1) (end 1.06 11.06) (layer F.SilkS) (width 0.12))
    (fp_line (start 1.06 -1.06) (end 1.06 0) (layer F.SilkS) (width 0.12))
    (fp_line (start 0 -1.06) (end 1.06 -1.06) (layer F.SilkS) (width 0.12))
    (fp_line (start -1.5 -1.5) (end 1.5 -1.5) (layer F.CrtYd) (width 0.05))
    (fp_line (start 1.5 -1.5) (end 1.5 11.5) (layer F.CrtYd) (width 0.05))
    (fp_line (start 1.5 11.5) (end -1.5 11.5) (layer F.CrtYd) (width 0.05))
    (fp_line (start -1.5 11.5) (end -1.5 -1.5) (layer F.CrtYd) (width 0.05))
    (fp_text user %R (at 0 5) (layer F.Fab)
      (effects (font (size 1 1) (thickness 0.15)))
    )
    (pad 1 thru_hole rect (at 0 0 270) (size 1.35 1.35) (drill 0.8) (layers *.Cu *.Mask)
      (net 10 VCC))
    (pad 2 thru_hole oval (at 0 2 270) (size 1.35 1.35) (drill 0.8) (layers *.Cu *.Mask)
      (net 11 /CMD_LED1))
    (pad 3 thru_hole oval (at 0 4 270) (size 1.35 1.35) (drill 0.8) (layers *.Cu *.Mask)
      (net 12 /CMD_LED2))
    (pad 4 thru_hole oval (at 0 6 270) (size 1.35 1.35) (drill 0.8) (layers *.Cu *.Mask)
      (net 13 /CMD_LED3))
    (pad 5 thru_hole oval (at 0 8 270) (size 1.35 1.35) (drill 0.8) (layers *.Cu *.Mask)
      (net 14 /CMD_LED4))
    (pad 6 thru_hole oval (at 0 10 270) (size 1.35 1.35) (drill 0.8) (layers *.Cu *.Mask)
      (net 1 GND))
    (model ${KISYS3DMOD}/Connector_PinSocket_2.00mm.3dshapes/PinSocket_1x06_P2.00mm_Vertical.wrl
      (at (xyz 0 0 0))
      (scale (xyz 1 1 1))
      (rotate (xyz 0 0 0))
    )
  )

  (module Connector_PinSocket_2.00mm:PinSocket_1x06_P2.00mm_Vertical (layer F.Cu) (tedit 5A19A421) (tstamp 5BBE752B)
    (at 114.332174 50.759735 270)
    (descr "Through hole straight socket strip, 1x06, 2.00mm pitch, single row (from Kicad 4.0.7), script generated")
    (tags "Through hole socket strip THT 1x06 2.00mm single row")
    (path /5BB2F0AC)
    (fp_text reference J2 (at 0 -2.5 270) (layer F.SilkS)
      (effects (font (size 1 1) (thickness 0.15)))
    )
    (fp_text value Conn_01x06 (at 0 12.5 270) (layer F.Fab)
      (effects (font (size 1 1) (thickness 0.15)))
    )
    (fp_text user %R (at 0 5) (layer F.Fab)
      (effects (font (size 1 1) (thickness 0.15)))
    )
    (fp_line (start -1.5 11.5) (end -1.5 -1.5) (layer F.CrtYd) (width 0.05))
    (fp_line (start 1.5 11.5) (end -1.5 11.5) (layer F.CrtYd) (width 0.05))
    (fp_line (start 1.5 -1.5) (end 1.5 11.5) (layer F.CrtYd) (width 0.05))
    (fp_line (start -1.5 -1.5) (end 1.5 -1.5) (layer F.CrtYd) (width 0.05))
    (fp_line (start 0 -1.06) (end 1.06 -1.06) (layer F.SilkS) (width 0.12))
    (fp_line (start 1.06 -1.06) (end 1.06 0) (layer F.SilkS) (width 0.12))
    (fp_line (start 1.06 1) (end 1.06 11.06) (layer F.SilkS) (width 0.12))
    (fp_line (start -1.06 11.06) (end 1.06 11.06) (layer F.SilkS) (width 0.12))
    (fp_line (start -1.06 1) (end -1.06 11.06) (layer F.SilkS) (width 0.12))
    (fp_line (start -1.06 1) (end 1.06 1) (layer F.SilkS) (width 0.12))
    (fp_line (start -1 11) (end -1 -1) (layer F.Fab) (width 0.1))
    (fp_line (start 1 11) (end -1 11) (layer F.Fab) (width 0.1))
    (fp_line (start 1 -0.5) (end 1 11) (layer F.Fab) (width 0.1))
    (fp_line (start 0.5 -1) (end 1 -0.5) (layer F.Fab) (width 0.1))
    (fp_line (start -1 -1) (end 0.5 -1) (layer F.Fab) (width 0.1))
    (pad 6 thru_hole oval (at 0 10 270) (size 1.35 1.35) (drill 0.8) (layers *.Cu *.Mask)
      (net 1 GND))
    (pad 5 thru_hole oval (at 0 8 270) (size 1.35 1.35) (drill 0.8) (layers *.Cu *.Mask)
      (net 15 /CMD_LED8))
    (pad 4 thru_hole oval (at 0 6 270) (size 1.35 1.35) (drill 0.8) (layers *.Cu *.Mask)
      (net 16 /CMD_LED7))
    (pad 3 thru_hole oval (at 0 4 270) (size 1.35 1.35) (drill 0.8) (layers *.Cu *.Mask)
      (net 17 /CMD_LED6))
    (pad 2 thru_hole oval (at 0 2 270) (size 1.35 1.35) (drill 0.8) (layers *.Cu *.Mask)
      (net 18 /CMD_LED5))
    (pad 1 thru_hole rect (at 0 0 270) (size 1.35 1.35) (drill 0.8) (layers *.Cu *.Mask)
      (net 10 VCC))
    (model ${KISYS3DMOD}/Connector_PinSocket_2.00mm.3dshapes/PinSocket_1x06_P2.00mm_Vertical.wrl
      (at (xyz 0 0 0))
      (scale (xyz 1 1 1))
      (rotate (xyz 0 0 0))
    )
  )

  (module Resistor_THT:R_Axial_DIN0204_L3.6mm_D1.6mm_P7.62mm_Horizontal (layer F.Cu) (tedit 5AE5139B) (tstamp 5BBE7542)
    (at 134.652174 39.329735 180)
    (descr "Resistor, Axial_DIN0204 series, Axial, Horizontal, pin pitch=7.62mm, 0.167W, length*diameter=3.6*1.6mm^2, http://cdn-reichelt.de/documents/datenblatt/B400/1_4W%23YAG.pdf")
    (tags "Resistor Axial_DIN0204 series Axial Horizontal pin pitch 7.62mm 0.167W length 3.6mm diameter 1.6mm")
    (path /5BB2C837)
    (fp_text reference R1 (at 3.81 -1.92 180) (layer F.SilkS)
      (effects (font (size 1 1) (thickness 0.15)))
    )
    (fp_text value R (at 3.81 1.92 180) (layer F.Fab)
      (effects (font (size 1 1) (thickness 0.15)))
    )
    (fp_line (start 2.01 -0.8) (end 2.01 0.8) (layer F.Fab) (width 0.1))
    (fp_line (start 2.01 0.8) (end 5.61 0.8) (layer F.Fab) (width 0.1))
    (fp_line (start 5.61 0.8) (end 5.61 -0.8) (layer F.Fab) (width 0.1))
    (fp_line (start 5.61 -0.8) (end 2.01 -0.8) (layer F.Fab) (width 0.1))
    (fp_line (start 0 0) (end 2.01 0) (layer F.Fab) (width 0.1))
    (fp_line (start 7.62 0) (end 5.61 0) (layer F.Fab) (width 0.1))
    (fp_line (start 1.89 -0.92) (end 1.89 0.92) (layer F.SilkS) (width 0.12))
    (fp_line (start 1.89 0.92) (end 5.73 0.92) (layer F.SilkS) (width 0.12))
    (fp_line (start 5.73 0.92) (end 5.73 -0.92) (layer F.SilkS) (width 0.12))
    (fp_line (start 5.73 -0.92) (end 1.89 -0.92) (layer F.SilkS) (width 0.12))
    (fp_line (start 0.94 0) (end 1.89 0) (layer F.SilkS) (width 0.12))
    (fp_line (start 6.68 0) (end 5.73 0) (layer F.SilkS) (width 0.12))
    (fp_line (start -0.95 -1.05) (end -0.95 1.05) (layer F.CrtYd) (width 0.05))
    (fp_line (start -0.95 1.05) (end 8.57 1.05) (layer F.CrtYd) (width 0.05))
    (fp_line (start 8.57 1.05) (end 8.57 -1.05) (layer F.CrtYd) (width 0.05))
    (fp_line (start 8.57 -1.05) (end -0.95 -1.05) (layer F.CrtYd) (width 0.05))
    (fp_text user %R (at 3.81 0 180) (layer F.Fab)
      (effects (font (size 0.72 0.72) (thickness 0.108)))
    )
    (pad 1 thru_hole circle (at 0 0 180) (size 1.4 1.4) (drill 0.7) (layers *.Cu *.Mask)
      (net 11 /CMD_LED1))
    (pad 2 thru_hole oval (at 7.62 0 180) (size 1.4 1.4) (drill 0.7) (layers *.Cu *.Mask)
      (net 2 "Net-(D1-Pad2)"))
    (model ${KISYS3DMOD}/Resistor_THT.3dshapes/R_Axial_DIN0204_L3.6mm_D1.6mm_P7.62mm_Horizontal.wrl
      (at (xyz 0 0 0))
      (scale (xyz 1 1 1))
      (rotate (xyz 0 0 0))
    )
  )

  (module Resistor_THT:R_Axial_DIN0204_L3.6mm_D1.6mm_P7.62mm_Horizontal (layer F.Cu) (tedit 5AE5139B) (tstamp 5BBE7559)
    (at 124.492174 39.329735 180)
    (descr "Resistor, Axial_DIN0204 series, Axial, Horizontal, pin pitch=7.62mm, 0.167W, length*diameter=3.6*1.6mm^2, http://cdn-reichelt.de/documents/datenblatt/B400/1_4W%23YAG.pdf")
    (tags "Resistor Axial_DIN0204 series Axial Horizontal pin pitch 7.62mm 0.167W length 3.6mm diameter 1.6mm")
    (path /5BB2C83E)
    (fp_text reference R2 (at 3.81 -1.92 180) (layer F.SilkS)
      (effects (font (size 1 1) (thickness 0.15)))
    )
    (fp_text value R (at 3.81 1.92 180) (layer F.Fab)
      (effects (font (size 1 1) (thickness 0.15)))
    )
    (fp_text user %R (at 3.81 0 180) (layer F.Fab)
      (effects (font (size 0.72 0.72) (thickness 0.108)))
    )
    (fp_line (start 8.57 -1.05) (end -0.95 -1.05) (layer F.CrtYd) (width 0.05))
    (fp_line (start 8.57 1.05) (end 8.57 -1.05) (layer F.CrtYd) (width 0.05))
    (fp_line (start -0.95 1.05) (end 8.57 1.05) (layer F.CrtYd) (width 0.05))
    (fp_line (start -0.95 -1.05) (end -0.95 1.05) (layer F.CrtYd) (width 0.05))
    (fp_line (start 6.68 0) (end 5.73 0) (layer F.SilkS) (width 0.12))
    (fp_line (start 0.94 0) (end 1.89 0) (layer F.SilkS) (width 0.12))
    (fp_line (start 5.73 -0.92) (end 1.89 -0.92) (layer F.SilkS) (width 0.12))
    (fp_line (start 5.73 0.92) (end 5.73 -0.92) (layer F.SilkS) (width 0.12))
    (fp_line (start 1.89 0.92) (end 5.73 0.92) (layer F.SilkS) (width 0.12))
    (fp_line (start 1.89 -0.92) (end 1.89 0.92) (layer F.SilkS) (width 0.12))
    (fp_line (start 7.62 0) (end 5.61 0) (layer F.Fab) (width 0.1))
    (fp_line (start 0 0) (end 2.01 0) (layer F.Fab) (width 0.1))
    (fp_line (start 5.61 -0.8) (end 2.01 -0.8) (layer F.Fab) (width 0.1))
    (fp_line (start 5.61 0.8) (end 5.61 -0.8) (layer F.Fab) (width 0.1))
    (fp_line (start 2.01 0.8) (end 5.61 0.8) (layer F.Fab) (width 0.1))
    (fp_line (start 2.01 -0.8) (end 2.01 0.8) (layer F.Fab) (width 0.1))
    (pad 2 thru_hole oval (at 7.62 0 180) (size 1.4 1.4) (drill 0.7) (layers *.Cu *.Mask)
      (net 3 "Net-(D2-Pad2)"))
    (pad 1 thru_hole circle (at 0 0 180) (size 1.4 1.4) (drill 0.7) (layers *.Cu *.Mask)
      (net 12 /CMD_LED2))
    (model ${KISYS3DMOD}/Resistor_THT.3dshapes/R_Axial_DIN0204_L3.6mm_D1.6mm_P7.62mm_Horizontal.wrl
      (at (xyz 0 0 0))
      (scale (xyz 1 1 1))
      (rotate (xyz 0 0 0))
    )
  )

  (module Resistor_THT:R_Axial_DIN0204_L3.6mm_D1.6mm_P7.62mm_Horizontal (layer F.Cu) (tedit 5AE5139B) (tstamp 5BBE7570)
    (at 114.332174 39.329735 180)
    (descr "Resistor, Axial_DIN0204 series, Axial, Horizontal, pin pitch=7.62mm, 0.167W, length*diameter=3.6*1.6mm^2, http://cdn-reichelt.de/documents/datenblatt/B400/1_4W%23YAG.pdf")
    (tags "Resistor Axial_DIN0204 series Axial Horizontal pin pitch 7.62mm 0.167W length 3.6mm diameter 1.6mm")
    (path /5BB24F66)
    (fp_text reference R3 (at 3.81 -1.92 180) (layer F.SilkS)
      (effects (font (size 1 1) (thickness 0.15)))
    )
    (fp_text value R (at 3.81 1.92 180) (layer F.Fab)
      (effects (font (size 1 1) (thickness 0.15)))
    )
    (fp_text user %R (at 3.81 0 180) (layer F.Fab)
      (effects (font (size 0.72 0.72) (thickness 0.108)))
    )
    (fp_line (start 8.57 -1.05) (end -0.95 -1.05) (layer F.CrtYd) (width 0.05))
    (fp_line (start 8.57 1.05) (end 8.57 -1.05) (layer F.CrtYd) (width 0.05))
    (fp_line (start -0.95 1.05) (end 8.57 1.05) (layer F.CrtYd) (width 0.05))
    (fp_line (start -0.95 -1.05) (end -0.95 1.05) (layer F.CrtYd) (width 0.05))
    (fp_line (start 6.68 0) (end 5.73 0) (layer F.SilkS) (width 0.12))
    (fp_line (start 0.94 0) (end 1.89 0) (layer F.SilkS) (width 0.12))
    (fp_line (start 5.73 -0.92) (end 1.89 -0.92) (layer F.SilkS) (width 0.12))
    (fp_line (start 5.73 0.92) (end 5.73 -0.92) (layer F.SilkS) (width 0.12))
    (fp_line (start 1.89 0.92) (end 5.73 0.92) (layer F.SilkS) (width 0.12))
    (fp_line (start 1.89 -0.92) (end 1.89 0.92) (layer F.SilkS) (width 0.12))
    (fp_line (start 7.62 0) (end 5.61 0) (layer F.Fab) (width 0.1))
    (fp_line (start 0 0) (end 2.01 0) (layer F.Fab) (width 0.1))
    (fp_line (start 5.61 -0.8) (end 2.01 -0.8) (layer F.Fab) (width 0.1))
    (fp_line (start 5.61 0.8) (end 5.61 -0.8) (layer F.Fab) (width 0.1))
    (fp_line (start 2.01 0.8) (end 5.61 0.8) (layer F.Fab) (width 0.1))
    (fp_line (start 2.01 -0.8) (end 2.01 0.8) (layer F.Fab) (width 0.1))
    (pad 2 thru_hole oval (at 7.62 0 180) (size 1.4 1.4) (drill 0.7) (layers *.Cu *.Mask)
      (net 4 "Net-(D3-Pad2)"))
    (pad 1 thru_hole circle (at 0 0 180) (size 1.4 1.4) (drill 0.7) (layers *.Cu *.Mask)
      (net 13 /CMD_LED3))
    (model ${KISYS3DMOD}/Resistor_THT.3dshapes/R_Axial_DIN0204_L3.6mm_D1.6mm_P7.62mm_Horizontal.wrl
      (at (xyz 0 0 0))
      (scale (xyz 1 1 1))
      (rotate (xyz 0 0 0))
    )
  )

  (module Resistor_THT:R_Axial_DIN0204_L3.6mm_D1.6mm_P7.62mm_Horizontal (layer F.Cu) (tedit 5AE5139B) (tstamp 5BBE7587)
    (at 96.552174 39.329735)
    (descr "Resistor, Axial_DIN0204 series, Axial, Horizontal, pin pitch=7.62mm, 0.167W, length*diameter=3.6*1.6mm^2, http://cdn-reichelt.de/documents/datenblatt/B400/1_4W%23YAG.pdf")
    (tags "Resistor Axial_DIN0204 series Axial Horizontal pin pitch 7.62mm 0.167W length 3.6mm diameter 1.6mm")
    (path /5BB24FAE)
    (fp_text reference R4 (at 3.81 2.54) (layer F.SilkS)
      (effects (font (size 1 1) (thickness 0.15)))
    )
    (fp_text value R (at 3.81 1.92) (layer F.Fab)
      (effects (font (size 1 1) (thickness 0.15)))
    )
    (fp_line (start 2.01 -0.8) (end 2.01 0.8) (layer F.Fab) (width 0.1))
    (fp_line (start 2.01 0.8) (end 5.61 0.8) (layer F.Fab) (width 0.1))
    (fp_line (start 5.61 0.8) (end 5.61 -0.8) (layer F.Fab) (width 0.1))
    (fp_line (start 5.61 -0.8) (end 2.01 -0.8) (layer F.Fab) (width 0.1))
    (fp_line (start 0 0) (end 2.01 0) (layer F.Fab) (width 0.1))
    (fp_line (start 7.62 0) (end 5.61 0) (layer F.Fab) (width 0.1))
    (fp_line (start 1.89 -0.92) (end 1.89 0.92) (layer F.SilkS) (width 0.12))
    (fp_line (start 1.89 0.92) (end 5.73 0.92) (layer F.SilkS) (width 0.12))
    (fp_line (start 5.73 0.92) (end 5.73 -0.92) (layer F.SilkS) (width 0.12))
    (fp_line (start 5.73 -0.92) (end 1.89 -0.92) (layer F.SilkS) (width 0.12))
    (fp_line (start 0.94 0) (end 1.89 0) (layer F.SilkS) (width 0.12))
    (fp_line (start 6.68 0) (end 5.73 0) (layer F.SilkS) (width 0.12))
    (fp_line (start -0.95 -1.05) (end -0.95 1.05) (layer F.CrtYd) (width 0.05))
    (fp_line (start -0.95 1.05) (end 8.57 1.05) (layer F.CrtYd) (width 0.05))
    (fp_line (start 8.57 1.05) (end 8.57 -1.05) (layer F.CrtYd) (width 0.05))
    (fp_line (start 8.57 -1.05) (end -0.95 -1.05) (layer F.CrtYd) (width 0.05))
    (fp_text user %R (at 3.81 0) (layer F.Fab)
      (effects (font (size 0.72 0.72) (thickness 0.108)))
    )
    (pad 1 thru_hole circle (at 0 0) (size 1.4 1.4) (drill 0.7) (layers *.Cu *.Mask)
      (net 14 /CMD_LED4))
    (pad 2 thru_hole oval (at 7.62 0) (size 1.4 1.4) (drill 0.7) (layers *.Cu *.Mask)
      (net 5 "Net-(D4-Pad2)"))
    (model ${KISYS3DMOD}/Resistor_THT.3dshapes/R_Axial_DIN0204_L3.6mm_D1.6mm_P7.62mm_Horizontal.wrl
      (at (xyz 0 0 0))
      (scale (xyz 1 1 1))
      (rotate (xyz 0 0 0))
    )
  )

  (module Resistor_THT:R_Axial_DIN0204_L3.6mm_D1.6mm_P7.62mm_Horizontal (layer F.Cu) (tedit 5AE5139B) (tstamp 5BBE759E)
    (at 134.652174 62.189735 180)
    (descr "Resistor, Axial_DIN0204 series, Axial, Horizontal, pin pitch=7.62mm, 0.167W, length*diameter=3.6*1.6mm^2, http://cdn-reichelt.de/documents/datenblatt/B400/1_4W%23YAG.pdf")
    (tags "Resistor Axial_DIN0204 series Axial Horizontal pin pitch 7.62mm 0.167W length 3.6mm diameter 1.6mm")
    (path /5BB2CE2E)
    (fp_text reference R5 (at 3.81 1.27 180) (layer F.SilkS)
      (effects (font (size 1 1) (thickness 0.15)))
    )
    (fp_text value R (at 3.81 1.92 180) (layer F.Fab)
      (effects (font (size 1 1) (thickness 0.15)))
    )
    (fp_text user %R (at 3.81 0 180) (layer F.Fab)
      (effects (font (size 0.72 0.72) (thickness 0.108)))
    )
    (fp_line (start 8.57 -1.05) (end -0.95 -1.05) (layer F.CrtYd) (width 0.05))
    (fp_line (start 8.57 1.05) (end 8.57 -1.05) (layer F.CrtYd) (width 0.05))
    (fp_line (start -0.95 1.05) (end 8.57 1.05) (layer F.CrtYd) (width 0.05))
    (fp_line (start -0.95 -1.05) (end -0.95 1.05) (layer F.CrtYd) (width 0.05))
    (fp_line (start 6.68 0) (end 5.73 0) (layer F.SilkS) (width 0.12))
    (fp_line (start 0.94 0) (end 1.89 0) (layer F.SilkS) (width 0.12))
    (fp_line (start 5.73 -0.92) (end 1.89 -0.92) (layer F.SilkS) (width 0.12))
    (fp_line (start 5.73 0.92) (end 5.73 -0.92) (layer F.SilkS) (width 0.12))
    (fp_line (start 1.89 0.92) (end 5.73 0.92) (layer F.SilkS) (width 0.12))
    (fp_line (start 1.89 -0.92) (end 1.89 0.92) (layer F.SilkS) (width 0.12))
    (fp_line (start 7.62 0) (end 5.61 0) (layer F.Fab) (width 0.1))
    (fp_line (start 0 0) (end 2.01 0) (layer F.Fab) (width 0.1))
    (fp_line (start 5.61 -0.8) (end 2.01 -0.8) (layer F.Fab) (width 0.1))
    (fp_line (start 5.61 0.8) (end 5.61 -0.8) (layer F.Fab) (width 0.1))
    (fp_line (start 2.01 0.8) (end 5.61 0.8) (layer F.Fab) (width 0.1))
    (fp_line (start 2.01 -0.8) (end 2.01 0.8) (layer F.Fab) (width 0.1))
    (pad 2 thru_hole oval (at 7.62 0 180) (size 1.4 1.4) (drill 0.7) (layers *.Cu *.Mask)
      (net 6 "Net-(D5-Pad2)"))
    (pad 1 thru_hole circle (at 0 0 180) (size 1.4 1.4) (drill 0.7) (layers *.Cu *.Mask)
      (net 18 /CMD_LED5))
    (model ${KISYS3DMOD}/Resistor_THT.3dshapes/R_Axial_DIN0204_L3.6mm_D1.6mm_P7.62mm_Horizontal.wrl
      (at (xyz 0 0 0))
      (scale (xyz 1 1 1))
      (rotate (xyz 0 0 0))
    )
  )

  (module Resistor_THT:R_Axial_DIN0204_L3.6mm_D1.6mm_P7.62mm_Horizontal (layer F.Cu) (tedit 5AE5139B) (tstamp 5BBE75B5)
    (at 124.492174 62.189735 180)
    (descr "Resistor, Axial_DIN0204 series, Axial, Horizontal, pin pitch=7.62mm, 0.167W, length*diameter=3.6*1.6mm^2, http://cdn-reichelt.de/documents/datenblatt/B400/1_4W%23YAG.pdf")
    (tags "Resistor Axial_DIN0204 series Axial Horizontal pin pitch 7.62mm 0.167W length 3.6mm diameter 1.6mm")
    (path /5BB2CE35)
    (fp_text reference R6 (at 3.81 1.27 180) (layer F.SilkS)
      (effects (font (size 1 1) (thickness 0.15)))
    )
    (fp_text value R (at 3.81 1.92 180) (layer F.Fab)
      (effects (font (size 1 1) (thickness 0.15)))
    )
    (fp_line (start 2.01 -0.8) (end 2.01 0.8) (layer F.Fab) (width 0.1))
    (fp_line (start 2.01 0.8) (end 5.61 0.8) (layer F.Fab) (width 0.1))
    (fp_line (start 5.61 0.8) (end 5.61 -0.8) (layer F.Fab) (width 0.1))
    (fp_line (start 5.61 -0.8) (end 2.01 -0.8) (layer F.Fab) (width 0.1))
    (fp_line (start 0 0) (end 2.01 0) (layer F.Fab) (width 0.1))
    (fp_line (start 7.62 0) (end 5.61 0) (layer F.Fab) (width 0.1))
    (fp_line (start 1.89 -0.92) (end 1.89 0.92) (layer F.SilkS) (width 0.12))
    (fp_line (start 1.89 0.92) (end 5.73 0.92) (layer F.SilkS) (width 0.12))
    (fp_line (start 5.73 0.92) (end 5.73 -0.92) (layer F.SilkS) (width 0.12))
    (fp_line (start 5.73 -0.92) (end 1.89 -0.92) (layer F.SilkS) (width 0.12))
    (fp_line (start 0.94 0) (end 1.89 0) (layer F.SilkS) (width 0.12))
    (fp_line (start 6.68 0) (end 5.73 0) (layer F.SilkS) (width 0.12))
    (fp_line (start -0.95 -1.05) (end -0.95 1.05) (layer F.CrtYd) (width 0.05))
    (fp_line (start -0.95 1.05) (end 8.57 1.05) (layer F.CrtYd) (width 0.05))
    (fp_line (start 8.57 1.05) (end 8.57 -1.05) (layer F.CrtYd) (width 0.05))
    (fp_line (start 8.57 -1.05) (end -0.95 -1.05) (layer F.CrtYd) (width 0.05))
    (fp_text user %R (at 3.81 0 180) (layer F.Fab)
      (effects (font (size 0.72 0.72) (thickness 0.108)))
    )
    (pad 1 thru_hole circle (at 0 0 180) (size 1.4 1.4) (drill 0.7) (layers *.Cu *.Mask)
      (net 17 /CMD_LED6))
    (pad 2 thru_hole oval (at 7.62 0 180) (size 1.4 1.4) (drill 0.7) (layers *.Cu *.Mask)
      (net 7 "Net-(D6-Pad2)"))
    (model ${KISYS3DMOD}/Resistor_THT.3dshapes/R_Axial_DIN0204_L3.6mm_D1.6mm_P7.62mm_Horizontal.wrl
      (at (xyz 0 0 0))
      (scale (xyz 1 1 1))
      (rotate (xyz 0 0 0))
    )
  )

  (module Resistor_THT:R_Axial_DIN0204_L3.6mm_D1.6mm_P7.62mm_Horizontal (layer F.Cu) (tedit 5AE5139B) (tstamp 5BBE75CC)
    (at 114.332174 62.189735 180)
