(kicad_pcb (version 20171130) (host pcbnew "(5.0.0)")

  (general
    (thickness 1.6)
    (drawings 0)
    (tracks 53)
    (zones 0)
    (modules 18)
    (nets 19)
  )

  (page A4)
  (layers
    (0 F.Cu signal)
    (31 B.Cu signal)
    (32 B.Adhes user)
    (33 F.Adhes user)
    (34 B.Paste user)
    (35 F.Paste user)
    (36 B.SilkS user)
    (37 F.SilkS user)
    (38 B.Mask user)
    (39 F.Mask user)
    (40 Dwgs.User user)
    (41 Cmts.User user)
    (42 Eco1.User user)
    (43 Eco2.User user)
    (44 Edge.Cuts user)
    (45 Margin user)
    (46 B.CrtYd user)
    (47 F.CrtYd user)
    (48 B.Fab user)
    (49 F.Fab user)
  )

  (setup
    (last_trace_width 0.25)
    (trace_clearance 0.2)
    (zone_clearance 0.508)
    (zone_45_only no)
    (trace_min 0.2)
    (segment_width 0.2)
    (edge_width 0.15)
    (via_size 0.8)
    (via_drill 0.4)
    (via_min_size 0.4)
    (via_min_drill 0.3)
    (uvia_size 0.3)
    (uvia_drill 0.1)
    (uvias_allowed no)
    (uvia_min_size 0.2)
    (uvia_min_drill 0.1)
    (pcb_text_width 0.3)
    (pcb_text_size 1.5 1.5)
    (mod_edge_width 0.15)
    (mod_text_size 1 1)
    (mod_text_width 0.15)
    (pad_size 1.524 1.524)
    (pad_drill 0.762)
    (pad_to_mask_clearance 0.2)
    (aux_axis_origin 0 0)
    (visible_elements FFFFFF7F)
    (pcbplotparams
      (layerselection 0x010fc_ffffffff)
      (usegerberextensions false)
      (usegerberattributes false)
      (usegerberadvancedattributes false)
      (creategerberjobfile false)
      (excludeedgelayer true)
      (linewidth 0.100000)
      (plotframeref false)
      (viasonmask false)
      (mode 1)
      (useauxorigin false)
      (hpglpennumber 1)
      (hpglpenspeed 20)
      (hpglpendiameter 15.000000)
      (psnegative false)
      (psa4output false)
      (plotreference true)
      (plotvalue true)
      (plotinvisibletext false)
      (padsonsilk false)
      (subtractmaskfromsilk false)
      (outputformat 1)
      (mirror false)
      (drillshape 1)
      (scaleselection 1)
      (outputdirectory ""))
  )

  (net 0 "")
  (net 1 GND)
  (net 2 "Net-(D1-Pad2)")
  (net 3 "Net-(D2-Pad2)")
  (net 4 "Net-(D3-Pad2)")
  (net 5 "Net-(D4-Pad2)")
  (net 6 "Net-(D5-Pad2)")
  (net 7 "Net-(D6-Pad2)")
  (net 8 "Net-(D7-Pad2)")
  (net 9 "Net-(D8-Pad2)")
  (net 10 VCC)
  (net 11 /CMD_LED1)
  (net 12 /CMD_LED2)
  (net 13 /CMD_LED3)
  (net 14 /CMD_LED4)
  (net 15 /CMD_LED8)
  (net 16 /CMD_LED7)
  (net 17 /CMD_LED6)
  (net 18 /CMD_LED5)

  (net_class Default "Ceci est la Netclass par défaut."
    (clearance 0.2)
    (trace_width 0.25)
    (via_dia 0.8)
    (via_drill 0.4)
    (uvia_dia 0.3)
    (uvia_drill 0.1)
    (add_net /CMD_LED1)
    (add_net /CMD_LED2)
    (add_net /CMD_LED3)
    (add_net /CMD_LED4)
    (add_net /CMD_LED5)
    (add_net /CMD_LED6)
    (add_net /CMD_LED7)
    (add_net /CMD_LED8)
    (add_net GND)
    (add_net "Net-(D1-Pad2)")
    (add_net "Net-(D2-Pad2)")
    (add_net "Net-(D3-Pad2)")
    (add_net "Net-(D4-Pad2)")
    (add_net "Net-(D5-Pad2)")
    (add_net "Net-(D6-Pad2)")
    (add_net "Net-(D7-Pad2)")
    (add_net "Net-(D8-Pad2)")
    (add_net VCC)
  )

  (module LED_THT:LED_D5.0mm_FlatTop (layer F.Cu) (tedit 5880A862) (tstamp 5BBE7480)
    (at 172.72 87.63)
    (descr "LED, Round, FlatTop, diameter 5.0mm, 2 pins, http://www.kingbright.com/attachments/file/psearch/000/00/00/L-483GDT(Ver.15B).pdf")
    (tags "LED Round FlatTop diameter 5.0mm 2 pins")
    (path /5BB2C829)
    (fp_text reference D1 (at 1.27 -4.01) (layer F.SilkS)
      (effects (font (size 1 1) (thickness 0.15)))
    )
    (fp_text value LED (at 1.27 4.01) (layer F.Fab)
      (effects (font (size 1 1) (thickness 0.15)))
    )
    (fp_arc (start 1.27 0) (end -1.23 -1.566046) (angle 295.9) (layer F.Fab) (width 0.1))
    (fp_arc (start 1.27 0) (end -1.29 -1.639512) (angle 147.4) (layer F.SilkS) (width 0.12))
    (fp_arc (start 1.27 0) (end -1.29 1.639512) (angle -147.4) (layer F.SilkS) (width 0.12))
    (fp_circle (center 1.27 0) (end 3.77 0) (layer F.Fab) (width 0.1))
    (fp_circle (center 1.27 0) (end 3.77 0) (layer F.SilkS) (width 0.12))
    (fp_line (start -1.23 -1.566046) (end -1.23 1.566046) (layer F.Fab) (width 0.1))
    (fp_line (start -1.29 -1.64) (end -1.29 1.64) (layer F.SilkS) (width 0.12))
    (fp_line (start -2 -3.3) (end -2 3.3) (layer F.CrtYd) (width 0.05))
    (fp_line (start -2 3.3) (end 4.55 3.3) (layer F.CrtYd) (width 0.05))
    (fp_line (start 4.55 3.3) (end 4.55 -3.3) (layer F.CrtYd) (width 0.05))
    (fp_line (start 4.55 -3.3) (end -2 -3.3) (layer F.CrtYd) (width 0.05))
    (pad 1 thru_hole rect (at 0 0) (size 1.8 1.8) (drill 0.9) (layers *.Cu *.Mask)
      (net 1 GND))
    (pad 2 thru_hole circle (at 2.54 0) (size 1.8 1.8) (drill 0.9) (layers *.Cu *.Mask)
      (net 2 "Net-(D1-Pad2)"))
    (model ${KISYS3DMOD}/LED_THT.3dshapes/LED_D5.0mm_FlatTop.wrl
      (at (xyz 0 0 0))
      (scale (xyz 1 1 1))
      (rotate (xyz 0 0 0))
    )
  )

  (module LED_THT:LED_D5.0mm_FlatTop (layer F.Cu) (tedit 5880A862) (tstamp 5BBE7491)
    (at 172.72 80.01)
    (descr "LED, Round, FlatTop, diameter 5.0mm, 2 pins, http://www.kingbright.com/attachments/file/psearch/000/00/00/L-483GDT(Ver.15B).pdf")
    (tags "LED Round FlatTop diameter 5.0mm 2 pins")
    (path /5BB2C830)
    (fp_text reference D2 (at 1.27 -4.01) (layer F.SilkS)
      (effects (font (size 1 1) (thickness 0.15)))
    )
    (fp_text value LED (at 1.27 4.01) (layer F.Fab)
      (effects (font (size 1 1) (thickness 0.15)))
    )
    (fp_line (start 4.55 -3.3) (end -2 -3.3) (layer F.CrtYd) (width 0.05))
    (fp_line (start 4.55 3.3) (end 4.55 -3.3) (layer F.CrtYd) (width 0.05))
    (fp_line (start -2 3.3) (end 4.55 3.3) (layer F.CrtYd) (width 0.05))
    (fp_line (start -2 -3.3) (end -2 3.3) (layer F.CrtYd) (width 0.05))
    (fp_line (start -1.29 -1.64) (end -1.29 1.64) (layer F.SilkS) (width 0.12))
    (fp_line (start -1.23 -1.566046) (end -1.23 1.566046) (layer F.Fab) (width 0.1))
    (fp_circle (center 1.27 0) (end 3.77 0) (layer F.SilkS) (width 0.12))
    (fp_circle (center 1.27 0) (end 3.77 0) (layer F.Fab) (width 0.1))
    (fp_arc (start 1.27 0) (end -1.29 1.639512) (angle -147.4) (layer F.SilkS) (width 0.12))
    (fp_arc (start 1.27 0) (end -1.29 -1.639512) (angle 147.4) (layer F.SilkS) (width 0.12))
    (fp_arc (start 1.27 0) (end -1.23 -1.566046) (angle 295.9) (layer F.Fab) (width 0.1))
    (pad 2 thru_hole circle (at 2.54 0) (size 1.8 1.8) (drill 0.9) (layers *.Cu *.Mask)
      (net 3 "Net-(D2-Pad2)"))
    (pad 1 thru_hole rect (at 0 0) (size 1.8 1.8) (drill 0.9) (layers *.Cu *.Mask)
      (net 1 GND))
    (model ${KISYS3DMOD}/LED_THT.3dshapes/LED_D5.0mm_FlatTop.wrl
      (at (xyz 0 0 0))
      (scale (xyz 1 1 1))
      (rotate (xyz 0 0 0))
    )
  )

  (module LED_THT:LED_D5.0mm_FlatTop (layer F.Cu) (tedit 5880A862) (tstamp 5BBE74A2)
    (at 172.72 72.39)
    (descr "LED, Round, FlatTop, diameter 5.0mm, 2 pins, http://www.kingbright.com/attachments/file/psearch/000/00/00/L-483GDT(Ver.15B).pdf")
    (tags "LED Round FlatTop diameter 5.0mm 2 pins")
    (path /5BB24E30)
    (fp_text reference D3 (at 1.27 -4.01) (layer F.SilkS)
      (effects (font (size 1 1) (thickness 0.15)))
    )
    (fp_text value LED (at 1.27 4.01) (layer F.Fab)
      (effects (font (size 1 1) (thickness 0.15)))
    )
    (fp_line (start 4.55 -3.3) (end -2 -3.3) (layer F.CrtYd) (width 0.05))
    (fp_line (start 4.55 3.3) (end 4.55 -3.3) (layer F.CrtYd) (width 0.05))
    (fp_line (start -2 3.3) (end 4.55 3.3) (layer F.CrtYd) (width 0.05))
    (fp_line (start -2 -3.3) (end -2 3.3) (layer F.CrtYd) (width 0.05))
    (fp_line (start -1.29 -1.64) (end -1.29 1.64) (layer F.SilkS) (width 0.12))
    (fp_line (start -1.23 -1.566046) (end -1.23 1.566046) (layer F.Fab) (width 0.1))
    (fp_circle (center 1.27 0) (end 3.77 0) (layer F.SilkS) (width 0.12))
    (fp_circle (center 1.27 0) (end 3.77 0) (layer F.Fab) (width 0.1))
    (fp_arc (start 1.27 0) (end -1.29 1.639512) (angle -147.4) (layer F.SilkS) (width 0.12))
    (fp_arc (start 1.27 0) (end -1.29 -1.639512) (angle 147.4) (layer F.SilkS) (width 0.12))
    (fp_arc (start 1.27 0) (end -1.23 -1.566046) (angle 295.9) (layer F.Fab) (width 0.1))
    (pad 2 thru_hole circle (at 2.54 0) (size 1.8 1.8) (drill 0.9) (layers *.Cu *.Mask)
      (net 4 "Net-(D3-Pad2)"))
    (pad 1 thru_hole rect (at 0 0) (size 1.8 1.8) (drill 0.9) (layers *.Cu *.Mask)
      (net 1 GND))
    (model ${KISYS3DMOD}/LED_THT.3dshapes/LED_D5.0mm_FlatTop.wrl
      (at (xyz 0 0 0))
      (scale (xyz 1 1 1))
      (rotate (xyz 0 0 0))
    )
  )

  (module LED_THT:LED_D5.0mm_FlatTop (layer F.Cu) (tedit 5880A862) (tstamp 5BBE74B3)
    (at 172.72 64.77)
    (descr "LED, Round, FlatTop, diameter 5.0mm, 2 pins, http://www.kingbright.com/attachments/file/psearch/000/00/00/L-483GDT(Ver.15B).pdf")
    (tags "LED Round FlatTop diameter 5.0mm 2 pins")
    (path /5BB24F1D)
    (fp_text reference D4 (at 1.27 -4.01) (layer F.SilkS)
      (effects (font (size 1 1) (thickness 0.15)))
    )
    (fp_text value LED (at 1.27 4.01) (layer F.Fab)
      (effects (font (size 1 1) (thickness 0.15)))
    )
    (fp_arc (start 1.27 0) (end -1.23 -1.566046) (angle 295.9) (layer F.Fab) (width 0.1))
    (fp_arc (start 1.27 0) (end -1.29 -1.639512) (angle 147.4) (layer F.SilkS) (width 0.12))
    (fp_arc (start 1.27 0) (end -1.29 1.639512) (angle -147.4) (layer F.SilkS) (width 0.12))
    (fp_circle (center 1.27 0) (end 3.77 0) (layer F.Fab) (width 0.1))
    (fp_circle (center 1.27 0) (end 3.77 0) (layer F.SilkS) (width 0.12))
    (fp_line (start -1.23 -1.566046) (end -1.23 1.566046) (layer F.Fab) (width 0.1))
    (fp_line (start -1.29 -1.64) (end -1.29 1.64) (layer F.SilkS) (width 0.12))
    (fp_line (start -2 -3.3) (end -2 3.3) (layer F.CrtYd) (width 0.05))
    (fp_line (start -2 3.3) (end 4.55 3.3) (layer F.CrtYd) (width 0.05))
    (fp_line (start 4.55 3.3) (end 4.55 -3.3) (layer F.CrtYd) (width 0.05))
    (fp_line (start 4.55 -3.3) (end -2 -3.3) (layer F.CrtYd) (width 0.05))
    (pad 1 thru_hole rect (at 0 0) (size 1.8 1.8) (drill 0.9) (layers *.Cu *.Mask)
      (net 1 GND))
    (pad 2 thru_hole circle (at 2.54 0) (size 1.8 1.8) (drill 0.9) (layers *.Cu *.Mask)
      (net 5 "Net-(D4-Pad2)"))
    (model ${KISYS3DMOD}/LED_THT.3dshapes/LED_D5.0mm_FlatTop.wrl
      (at (xyz 0 0 0))
      (scale (xyz 1 1 1))
      (rotate (xyz 0 0 0))
    )
  )

  (module LED_THT:LED_D5.0mm_FlatTop (layer F.Cu) (tedit 5880A862) (tstamp 5BBE74C4)
    (at 162.56 87.63 180)
    (descr "LED, Round, FlatTop, diameter 5.0mm, 2 pins, http://www.kingbright.com/attachments/file/psearch/000/00/00/L-483GDT(Ver.15B).pdf")
    (tags "LED Round FlatTop diameter 5.0mm 2 pins")
    (path /5BB2CE20)
    (fp_text reference D5 (at 1.27 -4.01 180) (layer F.SilkS)
      (effects (font (size 1 1) (thickness 0.15)))
    )
    (fp_text value LED (at 1.27 4.01 180) (layer F.Fab)
      (effects (font (size 1 1) (thickness 0.15)))
    )
    (fp_arc (start 1.27 0) (end -1.23 -1.566046) (angle 295.9) (layer F.Fab) (width 0.1))
    (fp_arc (start 1.27 0) (end -1.29 -1.639512) (angle 147.4) (layer F.SilkS) (width 0.12))
    (fp_arc (start 1.27 0) (end -1.29 1.639512) (angle -147.4) (layer F.SilkS) (width 0.12))
    (fp_circle (center 1.27 0) (end 3.77 0) (layer F.Fab) (width 0.1))
    (fp_circle (center 1.27 0) (end 3.77 0) (layer F.SilkS) (width 0.12))
    (fp_line (start -1.23 -1.566046) (end -1.23 1.566046) (layer F.Fab) (width 0.1))
    (fp_line (start -1.29 -1.64) (end -1.29 1.64) (layer F.SilkS) (width 0.12))
    (fp_line (start -2 -3.3) (end -2 3.3) (layer F.CrtYd) (width 0.05))
    (fp_line (start -2 3.3) (end 4.55 3.3) (layer F.CrtYd) (width 0.05))
    (fp_line (start 4.55 3.3) (end 4.55 -3.3) (layer F.CrtYd) (width 0.05))
    (fp_line (start 4.55 -3.3) (end -2 -3.3) (layer F.CrtYd) (width 0.05))
    (pad 1 thru_hole rect (at 0 0 180) (size 1.8 1.8) (drill 0.9) (layers *.Cu *.Mask)
      (net 1 GND))
    (pad 2 thru_hole circle (at 2.54 0 180) (size 1.8 1.8) (drill 0.9) (layers *.Cu *.Mask)
      (net 6 "Net-(D5-Pad2)"))
    (model ${KISYS3DMOD}/LED_THT.3dshapes/LED_D5.0mm_FlatTop.wrl
      (at (xyz 0 0 0))
      (scale (xyz 1 1 1))
      (rotate (xyz 0 0 0))
    )
  )

  (module LED_THT:LED_D5.0mm_FlatTop (layer F.Cu) (tedit 5880A862) (tstamp 5BBE74D5)
    (at 162.56 80.01 180)
    (descr "LED, Round, FlatTop, diameter 5.0mm, 2 pins, http://www.kingbright.com/attachments/file/psearch/000/00/00/L-483GDT(Ver.15B).pdf")
    (tags "LED Round FlatTop diameter 5.0mm 2 pins")
    (path /5BB2CE27)
    (fp_text reference D6 (at 1.27 -4.01 180) (layer F.SilkS)
      (effects (font (size 1 1) (thickness 0.15)))
    )
    (fp_text value LED (at 1.27 4.01 180) (layer F.Fab)
      (effects (font (size 1 1) (thickness 0.15)))
    )
    (fp_line (start 4.55 -3.3) (end -2 -3.3) (layer F.CrtYd) (width 0.05))
    (fp_line (start 4.55 3.3) (end 4.55 -3.3) (layer F.CrtYd) (width 0.05))
    (fp_line (start -2 3.3) (end 4.55 3.3) (layer F.CrtYd) (width 0.05))
    (fp_line (start -2 -3.3) (end -2 3.3) (layer F.CrtYd) (width 0.05))
    (fp_line (start -1.29 -1.64) (end -1.29 1.64) (layer F.SilkS) (width 0.12))
    (fp_line (start -1.23 -1.566046) (end -1.23 1.566046) (layer F.Fab) (width 0.1))
    (fp_circle (center 1.27 0) (end 3.77 0) (layer F.SilkS) (width 0.12))
    (fp_circle (center 1.27 0) (end 3.77 0) (layer F.Fab) (width 0.1))
    (fp_arc (start 1.27 0) (end -1.29 1.639512) (angle -147.4) (layer F.SilkS) (width 0.12))
    (fp_arc (start 1.27 0) (end -1.29 -1.639512) (angle 147.4) (layer F.SilkS) (width 0.12))
    (fp_arc (start 1.27 0) (end -1.23 -1.566046) (angle 295.9) (layer F.Fab) (width 0.1))
    (pad 2 thru_hole circle (at 2.54 0 180) (size 1.8 1.8) (drill 0.9) (layers *.Cu *.Mask)
      (net 7 "Net-(D6-Pad2)"))
    (pad 1 thru_hole rect (at 0 0 180) (size 1.8 1.8) (drill 0.9) (layers *.Cu *.Mask)
      (net 1 GND))
    (model ${KISYS3DMOD}/LED_THT.3dshapes/LED_D5.0mm_FlatTop.wrl
      (at (xyz 0 0 0))
      (scale (xyz 1 1 1))
      (rotate (xyz 0 0 0))
    )
  )

  (module LED_THT:LED_D5.0mm_FlatTop (layer F.Cu) (tedit 5880A862) (tstamp 5BBE74E6)
    (at 162.56 72.39 180)
    (descr "LED, Round, FlatTop, diameter 5.0mm, 2 pins, http://www.kingbright.com/attachments/file/psearch/000/00/00/L-483GDT(Ver.15B).pdf")
    (tags "LED Round FlatTop diameter 5.0mm 2 pins")
    (path /5BB2D97D)
    (fp_text reference D7 (at 1.27 -4.01 180) (layer F.SilkS)
      (effects (font (size 1 1) (thickness 0.15)))
    )
    (fp_text value LED (at 1.27 4.01 180) (layer F.Fab)
      (effects (font (size 1 1) (thickness 0.15)))
    )
    (fp_arc (start 1.27 0) (end -1.23 -1.566046) (angle 295.9) (layer F.Fab) (width 0.1))
    (fp_arc (start 1.27 0) (end -1.29 -1.639512) (angle 147.4) (layer F.SilkS) (width 0.12))
    (fp_arc (start 1.27 0) (end -1.29 1.639512) (angle -147.4) (layer F.SilkS) (width 0.12))
    (fp_circle (center 1.27 0) (end 3.77 0) (layer F.Fab) (width 0.1))
    (fp_circle (center 1.27 0) (end 3.77 0) (layer F.SilkS) (width 0.12))
    (fp_line (start -1.23 -1.566046) (end -1.23 1.566046) (layer F.Fab) (width 0.1))
    (fp_line (start -1.29 -1.64) (end -1.29 1.64) (layer F.SilkS) (width 0.12))
    (fp_line (start -2 -3.3) (end -2 3.3) (layer F.CrtYd) (width 0.05))
    (fp_line (start -2 3.3) (end 4.55 3.3) (layer F.CrtYd) (width 0.05))
    (fp_line (start 4.55 3.3) (end 4.55 -3.3) (layer F.CrtYd) (width 0.05))
    (fp_line (start 4.55 -3.3) (end -2 -3.3) (layer F.CrtYd) (width 0.05))
    (pad 1 thru_hole rect (at 0 0 180) (size 1.8 1.8) (drill 0.9) (layers *.Cu *.Mask)
      (net 1 GND))
    (pad 2 thru_hole circle (at 2.54 0 180) (size 1.8 1.8) (drill 0.9) (layers *.Cu *.Mask)
      (net 8 "Net-(D7-Pad2)"))
    (model ${KISYS3DMOD}/LED_THT.3dshapes/LED_D5.0mm_FlatTop.wrl
      (at (xyz 0 0 0))
      (scale (xyz 1 1 1))
      (rotate (xyz 0 0 0))
    )
  )

  (module LED_THT:LED_D5.0mm_FlatTop (layer F.Cu) (tedit 5880A862) (tstamp 5BBE74F7)
    (at 162.56 64.77 180)
    (descr "LED, Round, FlatTop, diameter 5.0mm, 2 pins, http://www.kingbright.com/attachments/file/psearch/000/00/00/L-483GDT(Ver.15B).pdf")
    (tags "LED Round FlatTop diameter 5.0mm 2 pins")
    (path /5BB2D984)
    (fp_text reference D8 (at 1.27 -4.01 180) (layer F.SilkS)
      (effects (font (size 1 1) (thickness 0.15)))
    )
    (fp_text value LED (at 1.27 4.01 180) (layer F.Fab)
      (effects (font (size 1 1) (thickness 0.15)))
    )
    (fp_line (start 4.55 -3.3) (end -2 -3.3) (layer F.CrtYd) (width 0.05))
    (fp_line (start 4.55 3.3) (end 4.55 -3.3) (layer F.CrtYd) (width 0.05))
    (fp_line (start -2 3.3) (end 4.55 3.3) (layer F.CrtYd) (width 0.05))
    (fp_line (start -2 -3.3) (end -2 3.3) (layer F.CrtYd) (width 0.05))
    (fp_line (start -1.29 -1.64) (end -1.29 1.64) (layer F.SilkS) (width 0.12))
    (fp_line (start -1.23 -1.566046) (end -1.23 1.566046) (layer F.Fab) (width 0.1))
    (fp_circle (center 1.27 0) (end 3.77 0) (layer F.SilkS) (width 0.12))
    (fp_circle (center 1.27 0) (end 3.77 0) (layer F.Fab) (width 0.1))
    (fp_arc (start 1.27 0) (end -1.29 1.639512) (angle -147.4) (layer F.SilkS) (width 0.12))
    (fp_arc (start 1.27 0) (end -1.29 -1.639512) (angle 147.4) (layer F.SilkS) (width 0.12))
    (fp_arc (start 1.27 0) (end -1.23 -1.566046) (angle 295.9) (layer F.Fab) (width 0.1))
    (pad 2 thru_hole circle (at 2.54 0 180) (size 1.8 1.8) (drill 0.9) (layers *.Cu *.Mask)
      (net 9 "Net-(D8-Pad2)"))
    (pad 1 thru_hole rect (at 0 0 180) (size 1.8 1.8) (drill 0.9) (layers *.Cu *.Mask)
      (net 1 GND))
    (model ${KISYS3DMOD}/LED_THT.3dshapes/LED_D5.0mm_FlatTop.wrl
      (at (xyz 0 0 0))
      (scale (xyz 1 1 1))
      (rotate (xyz 0 0 0))
    )
  )

  (module Connector_PinSocket_2.00mm:PinSocket_1x06_P2.00mm_Vertical (layer F.Cu) (tedit 5A19A421) (tstamp 5BBE7511)
    (at 167.64 88.9 180)
    (descr "Through hole straight socket strip, 1x06, 2.00mm pitch, single row (from Kicad 4.0.7), script generated")
    (tags "Through hole socket strip THT 1x06 2.00mm single row")
    (path /5BB26D2C)
    (fp_text reference J1 (at 0 -2.5 180) (layer F.SilkS)
      (effects (font (size 1 1) (thickness 0.15)))
    )
    (fp_text value Conn_01x06 (at 0 12.5 180) (layer F.Fab)
      (effects (font (size 1 1) (thickness 0.15)))
    )
    (fp_line (start -1 -1) (end 0.5 -1) (layer F.Fab) (width 0.1))
    (fp_line (start 0.5 -1) (end 1 -0.5) (layer F.Fab) (width 0.1))
    (fp_line (start 1 -0.5) (end 1 11) (layer F.Fab) (width 0.1))
    (fp_line (start 1 11) (end -1 11) (layer F.Fab) (width 0.1))
    (fp_line (start -1 11) (end -1 -1) (layer F.Fab) (width 0.1))
    (fp_line (start -1.06 1) (end 1.06 1) (layer F.SilkS) (width 0.12))
    (fp_line (start -1.06 1) (end -1.06 11.06) (layer F.SilkS) (width 0.12))
    (fp_line (start -1.06 11.06) (end 1.06 11.06) (layer F.SilkS) (width 0.12))
    (fp_line (start 1.06 1) (end 1.06 11.06) (layer F.SilkS) (width 0.12))
    (fp_line (start 1.06 -1.06) (end 1.06 0) (layer F.SilkS) (width 0.12))
    (fp_line (start 0 -1.06) (end 1.06 -1.06) (layer F.SilkS) (width 0.12))
    (fp_line (start -1.5 -1.5) (end 1.5 -1.5) (layer F.CrtYd) (width 0.05))
    (fp_line (start 1.5 -1.5) (end 1.5 11.5) (layer F.CrtYd) (width 0.05))
    (fp_line (start 1.5 11.5) (end -1.5 11.5) (layer F.CrtYd) (width 0.05))
    (fp_line (start -1.5 11.5) (end -1.5 -1.5) (layer F.CrtYd) (width 0.05))
    (fp_text user %R (at 0 5 270) (layer F.Fab)
      (effects (font (size 1 1) (thickness 0.15)))
    )
    (pad 1 thru_hole rect (at 0 0 180) (size 1.35 1.35) (drill 0.8) (layers *.Cu *.Mask)
      (net 10 VCC))
    (pad 2 thru_hole oval (at 0 2 180) (size 1.35 1.35) (drill 0.8) (layers *.Cu *.Mask)
      (net 11 /CMD_LED1))
    (pad 3 thru_hole oval (at 0 4 180) (size 1.35 1.35) (drill 0.8) (layers *.Cu *.Mask)
      (net 12 /CMD_LED2))
    (pad 4 thru_hole oval (at 0 6 180) (size 1.35 1.35) (drill 0.8) (layers *.Cu *.Mask)
      (net 13 /CMD_LED3))
    (pad 5 thru_hole oval (at 0 8 180) (size 1.35 1.35) (drill 0.8) (layers *.Cu *.Mask)
      (net 14 /CMD_LED4))
    (pad 6 thru_hole oval (at 0 10 180) (size 1.35 1.35) (drill 0.8) (layers *.Cu *.Mask)
      (net 1 GND))
    (model ${KISYS3DMOD}/Connector_PinSocket_2.00mm.3dshapes/PinSocket_1x06_P2.00mm_Vertical.wrl
      (at (xyz 0 0 0))
      (scale (xyz 1 1 1))
      (rotate (xyz 0 0 0))
    )
  )

  (module Connector_PinSocket_2.00mm:PinSocket_1x06_P2.00mm_Vertical (layer F.Cu) (tedit 5A19A421) (tstamp 5BBE752B)
    (at 167.64 74.93 180)
    (descr "Through hole straight socket strip, 1x06, 2.00mm pitch, single row (from Kicad 4.0.7), script generated")
    (tags "Through hole socket strip THT 1x06 2.00mm single row")
    (path /5BB2F0AC)
    (fp_text reference J2 (at 0 -2.5 180) (layer F.SilkS)
      (effects (font (size 1 1) (thickness 0.15)))
    )
    (fp_text value Conn_01x06 (at 0 12.5 180) (layer F.Fab)
      (effects (font (size 1 1) (thickness 0.15)))
    )
    (fp_text user %R (at 0 5 270) (layer F.Fab)
      (effects (font (size 1 1) (thickness 0.15)))
    )
    (fp_line (start -1.5 11.5) (end -1.5 -1.5) (layer F.CrtYd) (width 0.05))
    (fp_line (start 1.5 11.5) (end -1.5 11.5) (layer F.CrtYd) (width 0.05))
    (fp_line (start 1.5 -1.5) (end 1.5 11.5) (layer F.CrtYd) (width 0.05))
    (fp_line (start -1.5 -1.5) (end 1.5 -1.5) (layer F.CrtYd) (width 0.05))
    (fp_line (start 0 -1.06) (end 1.06 -1.06) (layer F.SilkS) (width 0.12))
    (fp_line (start 1.06 -1.06) (end 1.06 0) (layer F.SilkS) (width 0.12))
    (fp_line (start 1.06 1) (end 1.06 11.06) (layer F.SilkS) (width 0.12))
    (fp_line (start -1.06 11.06) (end 1.06 11.06) (layer F.SilkS) (width 0.12))
    (fp_line (start -1.06 1) (end -1.06 11.06) (layer F.SilkS) (width 0.12))
    (fp_line (start -1.06 1) (end 1.06 1) (layer F.SilkS) (width 0.12))
    (fp_line (start -1 11) (end -1 -1) (layer F.Fab) (width 0.1))
    (fp_line (start 1 11) (end -1 11) (layer F.Fab) (width 0.1))
    (fp_line (start 1 -0.5) (end 1 11) (layer F.Fab) (width 0.1))
    (fp_line (start 0.5 -1) (end 1 -0.5) (layer F.Fab) (width 0.1))
    (fp_line (start -1 -1) (end 0.5 -1) (layer F.Fab) (width 0.1))
    (pad 6 thru_hole oval (at 0 10 180) (size 1.35 1.35) (drill 0.8) (layers *.Cu *.Mask)
      (net 1 GND))
    (pad 5 thru_hole oval (at 0 8 180) (size 1.35 1.35) (drill 0.8) (layers *.Cu *.Mask)
      (net 15 /CMD_LED8))
    (pad 4 thru_hole oval (at 0 6 180) (size 1.35 1.35) (drill 0.8) (layers *.Cu *.Mask)
      (net 16 /CMD_LED7))
    (pad 3 thru_hole oval (at 0 4 180) (size 1.35 1.35) (drill 0.8) (layers *.Cu *.Mask)
      (net 17 /CMD_LED6))
    (pad 2 thru_hole oval (at 0 2 180) (size 1.35 1.35) (drill 0.8) (layers *.Cu *.Mask)
      (net 18 /CMD_LED5))
    (pad 1 thru_hole rect (at 0 0 180) (size 1.35 1.35) (drill 0.8) (layers *.Cu *.Mask)
      (net 10 VCC))
    (model ${KISYS3DMOD}/Connector_PinSocket_2.00mm.3dshapes/PinSocket_1x06_P2.00mm_Vertical.wrl
      (at (xyz 0 0 0))
      (scale (xyz 1 1 1))
      (rotate (xyz 0 0 0))
    )
  )

  (module Resistor_THT:R_Axial_DIN0204_L3.6mm_D1.6mm_P7.62mm_Horizontal (layer F.Cu) (tedit 5AE5139B) (tstamp 5BBE7542)
    (at 179.07 95.25 90)
    (descr "Resistor, Axial_DIN0204 series, Axial, Horizontal, pin pitch=7.62mm, 0.167W, length*diameter=3.6*1.6mm^2, http://cdn-reichelt.de/documents/datenblatt/B400/1_4W%23YAG.pdf")
    (tags "Resistor Axial_DIN0204 series Axial Horizontal pin pitch 7.62mm 0.167W length 3.6mm diameter 1.6mm")
    (path /5BB2C837)
    (fp_text reference R1 (at 3.81 -1.92 90) (layer F.SilkS)
      (effects (font (size 1 1) (thickness 0.15)))
    )
    (fp_text value R (at 3.81 1.92 90) (layer F.Fab)
      (effects (font (size 1 1) (thickness 0.15)))
    )
    (fp_line (start 2.01 -0.8) (end 2.01 0.8) (layer F.Fab) (width 0.1))
    (fp_line (start 2.01 0.8) (end 5.61 0.8) (layer F.Fab) (width 0.1))
    (fp_line (start 5.61 0.8) (end 5.61 -0.8) (layer F.Fab) (width 0.1))
    (fp_line (start 5.61 -0.8) (end 2.01 -0.8) (layer F.Fab) (width 0.1))
    (fp_line (start 0 0) (end 2.01 0) (layer F.Fab) (width 0.1))
    (fp_line (start 7.62 0) (end 5.61 0) (layer F.Fab) (width 0.1))
    (fp_line (start 1.89 -0.92) (end 1.89 0.92) (layer F.SilkS) (width 0.12))
    (fp_line (start 1.89 0.92) (end 5.73 0.92) (layer F.SilkS) (width 0.12))
    (fp_line (start 5.73 0.92) (end 5.73 -0.92) (layer F.SilkS) (width 0.12))
    (fp_line (start 5.73 -0.92) (end 1.89 -0.92) (layer F.SilkS) (width 0.12))
    (fp_line (start 0.94 0) (end 1.89 0) (layer F.SilkS) (width 0.12))
    (fp_line (start 6.68 0) (end 5.73 0) (layer F.SilkS) (width 0.12))
    (fp_line (start -0.95 -1.05) (end -0.95 1.05) (layer F.CrtYd) (width 0.05))
    (fp_line (start -0.95 1.05) (end 8.57 1.05) (layer F.CrtYd) (width 0.05))
    (fp_line (start 8.57 1.05) (end 8.57 -1.05) (layer F.CrtYd) (width 0.05))
    (fp_line (start 8.57 -1.05) (end -0.95 -1.05) (layer F.CrtYd) (width 0.05))
    (fp_text user %R (at 3.81 0 90) (layer F.Fab)
      (effects (font (size 0.72 0.72) (thickness 0.108)))
    )
    (pad 1 thru_hole circle (at 0 0 90) (size 1.4 1.4) (drill 0.7) (layers *.Cu *.Mask)
      (net 11 /CMD_LED1))
    (pad 2 thru_hole oval (at 7.62 0 90) (size 1.4 1.4) (drill 0.7) (layers *.Cu *.Mask)
      (net 2 "Net-(D1-Pad2)"))
    (model ${KISYS3DMOD}/Resistor_THT.3dshapes/R_Axial_DIN0204_L3.6mm_D1.6mm_P7.62mm_Horizontal.wrl
      (at (xyz 0 0 0))
      (scale (xyz 1 1 1))
      (rotate (xyz 0 0 0))
    )
  )

  (module Resistor_THT:R_Axial_DIN0204_L3.6mm_D1.6mm_P7.62mm_Horizontal (layer F.Cu) (tedit 5AE5139B) (tstamp 5BBE7559)
    (at 179.07 85.09 90)
    (descr "Resistor, Axial_DIN0204 series, Axial, Horizontal, pin pitch=7.62mm, 0.167W, length*diameter=3.6*1.6mm^2, http://cdn-reichelt.de/documents/datenblatt/B400/1_4W%23YAG.pdf")
    (tags "Resistor Axial_DIN0204 series Axial Horizontal pin pitch 7.62mm 0.167W length 3.6mm diameter 1.6mm")
    (path /5BB2C83E)
    (fp_text reference R2 (at 3.81 -1.92 90) (layer F.SilkS)
      (effects (font (size 1 1) (thickness 0.15)))
    )
    (fp_text value R (at 3.81 1.92 90) (layer F.Fab)
      (effects (font (size 1 1) (thickness 0.15)))
    )
    (fp_text user %R (at 3.81 0 90) (layer F.Fab)
      (effects (font (size 0.72 0.72) (thickness 0.108)))
    )
    (fp_line (start 8.57 -1.05) (end -0.95 -1.05) (layer F.CrtYd) (width 0.05))
    (fp_line (start 8.57 1.05) (end 8.57 -1.05) (layer F.CrtYd) (width 0.05))
    (fp_line (start -0.95 1.05) (end 8.57 1.05) (layer F.CrtYd) (width 0.05))
    (fp_line (start -0.95 -1.05) (end -0.95 1.05) (layer F.CrtYd) (width 0.05))
    (fp_line (start 6.68 0) (end 5.73 0) (layer F.SilkS) (width 0.12))
    (fp_line (start 0.94 0) (end 1.89 0) (layer F.SilkS) (width 0.12))
    (fp_line (start 5.73 -0.92) (end 1.89 -0.92) (layer F.SilkS) (width 0.12))
    (fp_line (start 5.73 0.92) (end 5.73 -0.92) (layer F.SilkS) (width 0.12))
    (fp_line (start 1.89 0.92) (end 5.73 0.92) (layer F.SilkS) (width 0.12))
    (fp_line (start 1.89 -0.92) (end 1.89 0.92) (layer F.SilkS) (width 0.12))
    (fp_line (start 7.62 0) (end 5.61 0) (layer F.Fab) (width 0.1))
    (fp_line (start 0 0) (end 2.01 0) (layer F.Fab) (width 0.1))
    (fp_line (start 5.61 -0.8) (end 2.01 -0.8) (layer F.Fab) (width 0.1))
    (fp_line (start 5.61 0.8) (end 5.61 -0.8) (layer F.Fab) (width 0.1))
    (fp_line (start 2.01 0.8) (end 5.61 0.8) (layer F.Fab) (width 0.1))
    (fp_line (start 2.01 -0.8) (end 2.01 0.8) (layer F.Fab) (width 0.1))
    (pad 2 thru_hole oval (at 7.62 0 90) (size 1.4 1.4) (drill 0.7) (layers *.Cu *.Mask)
      (net 3 "Net-(D2-Pad2)"))
    (pad 1 thru_hole circle (at 0 0 90) (size 1.4 1.4) (drill 0.7) (layers *.Cu *.Mask)
      (net 12 /CMD_LED2))
    (model ${KISYS3DMOD}/Resistor_THT.3dshapes/R_Axial_DIN0204_L3.6mm_D1.6mm_P7.62mm_Horizontal.wrl
      (at (xyz 0 0 0))
      (scale (xyz 1 1 1))
      (rotate (xyz 0 0 0))
    )
  )

  (module Resistor_THT:R_Axial_DIN0204_L3.6mm_D1.6mm_P7.62mm_Horizontal (layer F.Cu) (tedit 5AE5139B) (tstamp 5BBE7570)
    (at 179.07 74.93 90)
    (descr "Resistor, Axial_DIN0204 series, Axial, Horizontal, pin pitch=7.62mm, 0.167W, length*diameter=3.6*1.6mm^2, http://cdn-reichelt.de/documents/datenblatt/B400/1_4W%23YAG.pdf")
    (tags "Resistor Axial_DIN0204 series Axial Horizontal pin pitch 7.62mm 0.167W length 3.6mm diameter 1.6mm")
    (path /5BB24F66)
    (fp_text reference R3 (at 3.81 -1.92 90) (layer F.SilkS)
      (effects (font (size 1 1) (thickness 0.15)))
    )
    (fp_text value R (at 3.81 1.92 90) (layer F.Fab)
      (effects (font (size 1 1) (thickness 0.15)))
    )
    (fp_text user %R (at 3.81 0 90) (layer F.Fab)
      (effects (font (size 0.72 0.72) (thickness 0.108)))
    )
    (fp_line (start 8.57 -1.05) (end -0.95 -1.05) (layer F.CrtYd) (width 0.05))
    (fp_line (start 8.57 1.05) (end 8.57 -1.05) (layer F.CrtYd) (width 0.05))
    (fp_line (start -0.95 1.05) (end 8.57 1.05) (layer F.CrtYd) (width 0.05))
    (fp_line (start -0.95 -1.05) (end -0.95 1.05) (layer F.CrtYd) (width 0.05))
    (fp_line (start 6.68 0) (end 5.73 0) (layer F.SilkS) (width 0.12))
    (fp_line (start 0.94 0) (end 1.89 0) (layer F.SilkS) (width 0.12))
    (fp_line (start 5.73 -0.92) (end 1.89 -0.92) (layer F.SilkS) (width 0.12))
    (fp_line (start 5.73 0.92) (end 5.73 -0.92) (layer F.SilkS) (width 0.12))
    (fp_line (start 1.89 0.92) (end 5.73 0.92) (layer F.SilkS) (width 0.12))
    (fp_line (start 1.89 -0.92) (end 1.89 0.92) (layer F.SilkS) (width 0.12))
    (fp_line (start 7.62 0) (end 5.61 0) (layer F.Fab) (width 0.1))
    (fp_line (start 0 0) (end 2.01 0) (layer F.Fab) (width 0.1))
    (fp_line (start 5.61 -0.8) (end 2.01 -0.8) (layer F.Fab) (width 0.1))
    (fp_line (start 5.61 0.8) (end 5.61 -0.8) (layer F.Fab) (width 0.1))
    (fp_line (start 2.01 0.8) (end 5.61 0.8) (layer F.Fab) (width 0.1))
    (fp_line (start 2.01 -0.8) (end 2.01 0.8) (layer F.Fab) (width 0.1))
    (pad 2 thru_hole oval (at 7.62 0 90) (size 1.4 1.4) (drill 0.7) (layers *.Cu *.Mask)
      (net 4 "Net-(D3-Pad2)"))
    (pad 1 thru_hole circle (at 0 0 90) (size 1.4 1.4) (drill 0.7) (layers *.Cu *.Mask)
      (net 13 /CMD_LED3))
    (model ${KISYS3DMOD}/Resistor_THT.3dshapes/R_Axial_DIN0204_L3.6mm_D1.6mm_P7.62mm_Horizontal.wrl
      (at (xyz 0 0 0))
      (scale (xyz 1 1 1))
      (rotate (xyz 0 0 0))
    )
  )

  (module Resistor_THT:R_Axial_DIN0204_L3.6mm_D1.6mm_P7.62mm_Horizontal (layer F.Cu) (tedit 5AE5139B) (tstamp 5BBE7587)
    (at 179.07 57.15 270)
    (descr "Resistor, Axial_DIN0204 series, Axial, Horizontal, pin pitch=7.62mm, 0.167W, length*diameter=3.6*1.6mm^2, http://cdn-reichelt.de/documents/datenblatt/B400/1_4W%23YAG.pdf")
    (tags "Resistor Axial_DIN0204 series Axial Horizontal pin pitch 7.62mm 0.167W length 3.6mm diameter 1.6mm")
    (path /5BB24FAE)
    (fp_text reference R4 (at 3.81 2.54 270) (layer F.SilkS)
      (effects (font (size 1 1) (thickness 0.15)))
    )
    (fp_text value R (at 3.81 1.92 270) (layer F.Fab)
      (effects (font (size 1 1) (thickness 0.15)))
    )
    (fp_line (start 2.01 -0.8) (end 2.01 0.8) (layer F.Fab) (width 0.1))
    (fp_line (start 2.01 0.8) (end 5.61 0.8) (layer F.Fab) (width 0.1))
    (fp_line (start 5.61 0.8) (end 5.61 -0.8) (layer F.Fab) (width 0.1))
    (fp_line (start 5.61 -0.8) (end 2.01 -0.8) (layer F.Fab) (width 0.1))
    (fp_line (start 0 0) (end 2.01 0) (layer F.Fab) (width 0.1))
    (fp_line (start 7.62 0) (end 5.61 0) (layer F.Fab) (width 0.1))
    (fp_line (start 1.89 -0.92) (end 1.89 0.92) (layer F.SilkS) (width 0.12))
    (fp_line (start 1.89 0.92) (end 5.73 0.92) (layer F.SilkS) (width 0.12))
    (fp_line (start 5.73 0.92) (end 5.73 -0.92) (layer F.SilkS) (width 0.12))
    (fp_line (start 5.73 -0.92) (end 1.89 -0.92) (layer F.SilkS) (width 0.12))
    (fp_line (start 0.94 0) (end 1.89 0) (layer F.SilkS) (width 0.12))
    (fp_line (start 6.68 0) (end 5.73 0) (layer F.SilkS) (width 0.12))
    (fp_line (start -0.95 -1.05) (end -0.95 1.05) (layer F.CrtYd) (width 0.05))
    (fp_line (start -0.95 1.05) (end 8.57 1.05) (layer F.CrtYd) (width 0.05))
    (fp_line (start 8.57 1.05) (end 8.57 -1.05) (layer F.CrtYd) (width 0.05))
    (fp_line (start 8.57 -1.05) (end -0.95 -1.05) (layer F.CrtYd) (width 0.05))
    (fp_text user %R (at 3.81 0 270) (layer F.Fab)
      (effects (font (size 0.72 0.72) (thickness 0.108)))
    )
    (pad 1 thru_hole circle (at 0 0 270) (size 1.4 1.4) (drill 0.7) (layers *.Cu *.Mask)
      (net 14 /CMD_LED4))
    (pad 2 thru_hole oval (at 7.62 0 270) (size 1.4 1.4) (drill 0.7) (layers *.Cu *.Mask)
      (net 5 "Net-(D4-Pad2)"))
    (model ${KISYS3DMOD}/Resistor_THT.3dshapes/R_Axial_DIN0204_L3.6mm_D1.6mm_P7.62mm_Horizontal.wrl
      (at (xyz 0 0 0))
      (scale (xyz 1 1 1))
      (rotate (xyz 0 0 0))
    )
  )

  (module Resistor_THT:R_Axial_DIN0204_L3.6mm_D1.6mm_P7.62mm_Horizontal (layer F.Cu) (tedit 5AE5139B) (tstamp 5BBE759E)
    (at 156.21 95.25 90)
    (descr "Resistor, Axial_DIN0204 series, Axial, Horizontal, pin pitch=7.62mm, 0.167W, length*diameter=3.6*1.6mm^2, http://cdn-reichelt.de/documents/datenblatt/B400/1_4W%23YAG.pdf")
    (tags "Resistor Axial_DIN0204 series Axial Horizontal pin pitch 7.62mm 0.167W length 3.6mm diameter 1.6mm")
    (path /5BB2CE2E)
    (fp_text reference R5 (at 3.81 1.27 90) (layer F.SilkS)
      (effects (font (size 1 1) (thickness 0.15)))
    )
    (fp_text value R (at 3.81 1.92 90) (layer F.Fab)
      (effects (font (size 1 1) (thickness 0.15)))
    )
    (fp_text user %R (at 3.81 0 90) (layer F.Fab)
      (effects (font (size 0.72 0.72) (thickness 0.108)))
    )
    (fp_line (start 8.57 -1.05) (end -0.95 -1.05) (layer F.CrtYd) (width 0.05))
    (fp_line (start 8.57 1.05) (end 8.57 -1.05) (layer F.CrtYd) (width 0.05))
    (fp_line (start -0.95 1.05) (end 8.57 1.05) (layer F.CrtYd) (width 0.05))
    (fp_line (start -0.95 -1.05) (end -0.95 1.05) (layer F.CrtYd) (width 0.05))
    (fp_line (start 6.68 0) (end 5.73 0) (layer F.SilkS) (width 0.12))
    (fp_line (start 0.94 0) (end 1.89 0) (layer F.SilkS) (width 0.12))
    (fp_line (start 5.73 -0.92) (end 1.89 -0.92) (layer F.SilkS) (width 0.12))
    (fp_line (start 5.73 0.92) (end 5.73 -0.92) (layer F.SilkS) (width 0.12))
    (fp_line (start 1.89 0.92) (end 5.73 0.92) (layer F.SilkS) (width 0.12))
    (fp_line (start 1.89 -0.92) (end 1.89 0.92) (layer F.SilkS) (width 0.12))
    (fp_line (start 7.62 0) (end 5.61 0) (layer F.Fab) (width 0.1))
    (fp_line (start 0 0) (end 2.01 0) (layer F.Fab) (width 0.1))
    (fp_line (start 5.61 -0.8) (end 2.01 -0.8) (layer F.Fab) (width 0.1))
    (fp_line (start 5.61 0.8) (end 5.61 -0.8) (layer F.Fab) (width 0.1))
    (fp_line (start 2.01 0.8) (end 5.61 0.8) (layer F.Fab) (width 0.1))
    (fp_line (start 2.01 -0.8) (end 2.01 0.8) (layer F.Fab) (width 0.1))
    (pad 2 thru_hole oval (at 7.62 0 90) (size 1.4 1.4) (drill 0.7) (layers *.Cu *.Mask)
      (net 6 "Net-(D5-Pad2)"))
    (pad 1 thru_hole circle (at 0 0 90) (size 1.4 1.4) (drill 0.7) (layers *.Cu *.Mask)
      (net 18 /CMD_LED5))
    (model ${KISYS3DMOD}/Resistor_THT.3dshapes/R_Axial_DIN0204_L3.6mm_D1.6mm_P7.62mm_Horizontal.wrl
      (at (xyz 0 0 0))
      (scale (xyz 1 1 1))
      (rotate (xyz 0 0 0))
    )
  )

  (module Resistor_THT:R_Axial_DIN0204_L3.6mm_D1.6mm_P7.62mm_Horizontal (layer F.Cu) (tedit 5AE5139B) (tstamp 5BBE75B5)
    (at 156.21 85.09 90)
    (descr "Resistor, Axial_DIN0204 series, Axial, Horizontal, pin pitch=7.62mm, 0.167W, length*diameter=3.6*1.6mm^2, http://cdn-reichelt.de/documents/datenblatt/B400/1_4W%23YAG.pdf")
    (tags "Resistor Axial_DIN0204 series Axial Horizontal pin pitch 7.62mm 0.167W length 3.6mm diameter 1.6mm")
    (path /5BB2CE35)
    (fp_text reference R6 (at 3.81 1.27 90) (layer F.SilkS)
      (effects (font (size 1 1) (thickness 0.15)))
    )
    (fp_text value R (at 3.81 1.92 90) (layer F.Fab)
      (effects (font (size 1 1) (thickness 0.15)))
    )
    (fp_line (start 2.01 -0.8) (end 2.01 0.8) (layer F.Fab) (width 0.1))
    (fp_line (start 2.01 0.8) (end 5.61 0.8) (layer F.Fab) (width 0.1))
    (fp_line (start 5.61 0.8) (end 5.61 -0.8) (layer F.Fab) (width 0.1))
    (fp_line (start 5.61 -0.8) (end 2.01 -0.8) (layer F.Fab) (width 0.1))
    (fp_line (start 0 0) (end 2.01 0) (layer F.Fab) (width 0.1))
    (fp_line (start 7.62 0) (end 5.61 0) (layer F.Fab) (width 0.1))
    (fp_line (start 1.89 -0.92) (end 1.89 0.92) (layer F.SilkS) (width 0.12))
    (fp_line (start 1.89 0.92) (end 5.73 0.92) (layer F.SilkS) (width 0.12))
    (fp_line (start 5.73 0.92) (end 5.73 -0.92) (layer F.SilkS) (width 0.12))
    (fp_line (start 5.73 -0.92) (end 1.89 -0.92) (layer F.SilkS) (width 0.12))
    (fp_line (start 0.94 0) (end 1.89 0) (layer F.SilkS) (width 0.12))
    (fp_line (start 6.68 0) (end 5.73 0) (layer F.SilkS) (width 0.12))
    (fp_line (start -0.95 -1.05) (end -0.95 1.05) (layer F.CrtYd) (width 0.05))
    (fp_line (start -0.95 1.05) (end 8.57 1.05) (layer F.CrtYd) (width 0.05))
    (fp_line (start 8.57 1.05) (end 8.57 -1.05) (layer F.CrtYd) (width 0.05))
    (fp_line (start 8.57 -1.05) (end -0.95 -1.05) (layer F.CrtYd) (width 0.05))
    (fp_text user %R (at 3.81 0 90) (layer F.Fab)
      (effects (font (size 0.72 0.72) (thickness 0.108)))
    )
    (pad 1 thru_hole circle (at 0 0 90) (size 1.4 1.4) (drill 0.7) (layers *.Cu *.Mask)
      (net 17 /CMD_LED6))
    (pad 2 thru_hole oval (at 7.62 0 90) (size 1.4 1.4) (drill 0.7) (layers *.Cu *.Mask)
      (net 7 "Net-(D6-Pad2)"))
    (model ${KISYS3DMOD}/Resistor_THT.3dshapes/R_Axial_DIN0204_L3.6mm_D1.6mm_P7.62mm_Horizontal.wrl
      (at (xyz 0 0 0))
      (scale (xyz 1 1 1))
      (rotate (xyz 0 0 0))
    )
  )

  (module Resistor_THT:R_Axial_DIN0204_L3.6mm_D1.6mm_P7.62mm_Horizontal (layer F.Cu) (tedit 5AE5139B) (tstamp 5BBE75CC)
    (at 156.21 74.93 90)
    (descr "Resistor, Axial_DIN0204 series, Axial, Horizontal, pin pitch=7.62mm, 0.167W, length*diameter=3.6*1.6mm^2, http://cdn-reichelt.de/documents/datenblatt/B400/1_4W%23YAG.pdf")
    (tags "Resistor Axial_DIN0204 series Axial Horizontal pin pitch 7.62mm 0.167W length 3.6mm diameter 1.6mm")
    (path /5BB2D98B)
    (fp_text reference R7 (at 3.81 2.54 90) (layer F.SilkS)
      (effects (font (size 1 1) (thickness 0.15)))
    )
    (fp_text value R (at 3.81 1.92 90) (layer F.Fab)
      (effects (font (size 1 1) (thickness 0.15)))
    )
    (fp_text user %R (at 3.81 0 90) (layer F.Fab)
      (effects (font (size 0.72 0.72) (thickness 0.108)))
    )
    (fp_line (start 8.57 -1.05) (end -0.95 -1.05) (layer F.CrtYd) (width 0.05))
    (fp_line (start 8.57 1.05) (end 8.57 -1.05) (layer F.CrtYd) (width 0.05))
    (fp_line (start -0.95 1.05) (end 8.57 1.05) (layer F.CrtYd) (width 0.05))
    (fp_line (start -0.95 -1.05) (end -0.95 1.05) (layer F.CrtYd) (width 0.05))
    (fp_line (start 6.68 0) (end 5.73 0) (layer F.SilkS) (width 0.12))
    (fp_line (start 0.94 0) (end 1.89 0) (layer F.SilkS) (width 0.12))
    (fp_line (start 5.73 -0.92) (end 1.89 -0.92) (layer F.SilkS) (width 0.12))
    (fp_line (start 5.73 0.92) (end 5.73 -0.92) (layer F.SilkS) (width 0.12))
    (fp_line (start 1.89 0.92) (end 5.73 0.92) (layer F.SilkS) (width 0.12))
    (fp_line (start 1.89 -0.92) (end 1.89 0.92) (layer F.SilkS) (width 0.12))
    (fp_line (start 7.62 0) (end 5.61 0) (layer F.Fab) (width 0.1))
    (fp_line (start 0 0) (end 2.01 0) (layer F.Fab) (width 0.1))
    (fp_line (start 5.61 -0.8) (end 2.01 -0.8) (layer F.Fab) (width 0.1))
    (fp_line (start 5.61 0.8) (end 5.61 -0.8) (layer F.Fab) (width 0.1))
    (fp_line (start 2.01 0.8) (end 5.61 0.8) (layer F.Fab) (width 0.1))
    (fp_line (start 2.01 -0.8) (end 2.01 0.8) (layer F.Fab) (width 0.1))
    (pad 2 thru_hole oval (at 7.62 0 90) (size 1.4 1.4) (drill 0.7) (layers *.Cu *.Mask)
      (net 8 "Net-(D7-Pad2)"))
    (pad 1 thru_hole circle (at 0 0 90) (size 1.4 1.4) (drill 0.7) (layers *.Cu *.Mask)
      (net 16 /CMD_LED7))
    (model ${KISYS3DMOD}/Resistor_THT.3dshapes/R_Axial_DIN0204_L3.6mm_D1.6mm_P7.62mm_Horizontal.wrl
      (at (xyz 0 0 0))
      (scale (xyz 1 1 1))
      (rotate (xyz 0 0 0))
    )
  )

  (module Resistor_THT:R_Axial_DIN0204_L3.6mm_D1.6mm_P7.62mm_Horizontal (layer F.Cu) (tedit 5AE5139B) (tstamp 5BBE75E3)
    (at 156.21 57.15 270)
